P2598__1.0__1200___600 0.957 430.3 914.9 13.4 494.6 540.6 -28.2 957.5 392.1
P2598__1.0__1556___0 1.000 -13.1 812.5 -4.6 542.2 483.7 557.5 475.2 827.8
P2598__1.0__1556___1254 0.999 9.8 244.1 7.1 5.0 421.6 0.4 424.3 239.5
P2598__1.0__1556___600 0.976 492.1 681.5 31.9 719.5 -24.9 32.4 435.3 -5.6
P2598__1.0__1200___0 0.999 178.4 808.5 186.9 525.2 823.7 544.1 815.3 827.4
P2598__1.0__1200___1254 0.993 136.5 222.3 143.7 -1.0 805.7 20.4 798.5 243.7
P0770__1.0__0___558 0.840 512.1 191.3 503.2 -24.3 779.6 -35.8 788.5 179.8
P2598__1.0__1200___1200 0.986 190.0 303.5 194.7 -4.6 802.3 4.7 797.6 312.8
P2598__1.0__1556___1200 0.995 4.5 288.3 14.2 1.4 419.3 15.1 409.6 302.0
P0770__1.0__600___558 0.863 -9.7 244.6 -56.8 50.4 218.6 -16.2 265.6 178.0
P2598__1.0__600___600 0.896 -8.7 180.3 6.4 -33.9 681.9 13.7 666.8 227.9
P2598__1.0__600___0 0.974 66.5 774.1 57.6 371.5 625.4 358.9 634.3 761.6
