P0770__1.0__810___0 0.956 11.4 794.0 14.6 742.2 258.4 757.2 255.2 809.0
P2598__1.0__600___1200 0.819 791.5 360.4 731.9 359.0 740.3 5.0 799.9 6.4
P2598__1.0__1556___0 0.997 -87.2 677.7 43.9 187.4 584.7 332.0 453.6 822.3
P2598__1.0__1556___1254 0.927 -76.4 443.6 73.3 -19.2 553.3 136.0 403.6 598.9
P2598__1.0__1200___0 0.998 171.9 802.1 145.6 300.2 831.8 264.2 858.1 766.1
P0770__1.0__600___0 0.952 212.9 795.0 215.9 742.2 472.8 756.9 469.8 809.8
P2598__1.0__1200___1254 0.980 124.7 512.7 175.0 10.1 829.4 75.5 779.1 578.2
P2598__1.0__1200___1200 0.929 205.9 642.1 80.7 164.5 739.0 -8.0 864.1 469.6
P2598__1.0__1556___1200 0.944 -71.8 483.9 -12.7 73.2 531.2 151.5 472.0 562.2
P0770__1.0__600___558 0.989 134.1 508.8 281.8 148.5 840.2 377.3 692.6 737.6
P0770__1.0__810___558 0.989 -44.0 550.0 59.9 213.9 682.5 406.4 578.6 742.5
