P0770__1.0__810___0 1.000 128.5 409.8 87.8 388.7 128.7 309.7 169.4 330.8
P0770__1.0__810___0 1.000 67.1 380.8 27.2 361.5 67.7 277.9 107.6 297.2
P0770__1.0__810___0 1.000 188.2 441.1 148.0 421.2 189.5 337.5 229.7 357.4
P0770__1.0__810___0 0.999 6.2 347.7 -32.5 328.2 7.5 248.5 46.3 268.0
P0770__1.0__810___0 0.991 248.0 52.3 271.7 10.2 322.6 38.8 299.0 80.8
P2598__1.0__600___1200 1.000 175.5 395.7 71.3 389.8 83.8 171.6 188.0 177.6
P2598__1.0__600___1200 1.000 -21.4 550.4 16.4 473.1 106.0 517.0 68.2 594.2
P2598__1.0__600___1200 0.999 17.2 389.5 -22.5 385.7 -1.3 162.8 38.4 166.6
P2598__1.0__600___1254 1.000 172.9 341.8 68.5 333.4 85.7 117.6 190.2 125.9
P2598__1.0__600___1254 1.000 -16.4 506.8 5.3 425.1 104.1 451.3 82.4 533.0
P2598__1.0__600___1254 0.999 18.6 334.5 -21.8 330.8 -2.0 110.3 38.4 113.9
P2598__1.0__0___600 1.000 535.5 801.1 536.5 768.4 632.4 771.4 631.4 804.1
P2598__1.0__0___600 1.000 688.5 799.1 690.2 773.5 785.7 779.8 784.0 805.4
P0770__1.0__0___0 1.000 754.8 319.3 716.3 300.8 756.3 217.5 794.9 236.0
P0770__1.0__0___0 1.000 231.7 613.7 246.7 579.5 326.0 614.3 311.0 648.4
P0770__1.0__0___0 1.000 692.4 290.5 653.0 270.2 696.1 186.4 735.6 206.7
P0770__1.0__0___0 0.999 494.8 247.5 458.0 230.4 496.3 148.3 533.1 165.5
P0770__1.0__0___0 0.999 351.3 591.0 310.6 573.3 347.4 488.7 388.0 506.4
P0770__1.0__600___0 1.000 338.4 410.8 298.0 391.3 337.8 308.9 378.2 328.4
P0770__1.0__600___0 1.000 215.5 350.4 176.2 330.8 217.7 247.6 257.1 267.3
P0770__1.0__600___0 1.000 94.2 289.8 54.0 269.7 95.4 187.0 135.6 207.1
P0770__1.0__600___0 1.000 398.9 440.8 358.4 420.3 399.8 338.6 440.3 359.1
P0770__1.0__600___0 0.999 155.6 320.9 114.7 300.6 155.9 217.6 196.8 237.9
P0770__1.0__600___0 0.999 277.2 380.0 237.1 360.0 278.5 276.8 318.6 296.8
P0770__1.0__600___0 0.990 459.4 53.1 481.8 10.5 533.2 37.6 510.7 80.2
P0770__1.0__0___558 1.000 312.9 16.1 324.7 -16.1 364.2 -1.7 352.3 30.6
P0770__1.0__0___558 1.000 228.4 54.2 242.8 20.2 324.3 54.7 309.9 88.8
P2598__1.0__0___1254 1.000 775.2 340.3 669.0 332.7 684.0 120.0 790.3 127.5
P2598__1.0__0___1254 1.000 630.2 334.9 522.3 330.2 531.8 111.9 639.8 116.7
P2598__1.0__0___1254 1.000 356.4 493.5 248.6 488.8 258.0 271.9 365.8 276.5
P2598__1.0__0___1254 0.995 469.8 514.9 476.4 427.4 690.1 443.4 683.6 530.9
P2598__1.0__600___600 1.000 -3.2 800.0 -2.3 768.8 37.8 769.9 37.0 801.2
P2598__1.0__600___600 1.000 91.3 799.4 93.3 772.8 185.1 779.7 183.1 806.3
P2598__1.0__0___1200 1.000 776.8 394.6 667.9 387.2 682.2 175.3 791.1 182.6
P2598__1.0__0___1200 1.000 355.7 547.1 249.3 542.8 258.2 324.8 364.6 329.1
P2598__1.0__0___1200 1.000 626.3 385.2 519.4 378.5 532.6 168.0 639.6 174.7
P2598__1.0__0___1200 0.996 472.3 567.0 482.2 474.2 693.2 496.5 683.4 589.3
