P2598__1.0__600___1200 0.999 582.1 757.8 582.4 741.7 614.7 742.3 614.5 758.4
P2598__1.0__600___1200 0.975 141.8 777.3 142.4 760.0 181.3 761.4 180.7 778.7
P2598__1.0__600___1254 0.989 582.8 703.6 583.0 687.6 615.7 688.1 615.5 704.1
P2598__1.0__600___1254 0.970 144.0 723.4 144.8 706.2 183.1 707.8 182.4 725.0
P1088__1.0__0___600 0.975 194.0 14.1 194.0 0.2 231.2 0.2 231.2 14.1
P1088__1.0__0___600 0.945 188.5 501.1 205.6 499.7 208.6 537.3 191.5 538.7
P1088__1.0__0___600 0.907 123.9 132.1 138.9 131.4 140.3 166.4 125.3 167.1
P2598__1.0__1556___0 0.998 0.5 123.6 0.5 102.8 41.2 102.8 41.2 123.6
P2598__1.0__1556___0 0.991 708.4 51.3 709.0 31.9 753.9 33.2 753.3 52.7
P2598__1.0__1556___0 0.986 374.9 61.0 373.7 41.8 407.9 39.6 409.1 58.8
P2598__1.0__1556___0 0.980 476.9 59.7 476.8 40.7 515.9 40.7 515.9 59.6
P2598__1.0__1556___0 0.980 769.7 49.8 769.3 30.3 800.4 29.7 800.8 49.2
P2598__1.0__1556___0 0.968 91.2 62.5 90.6 44.4 126.4 43.1 127.1 61.2
P2598__1.0__1556___0 0.961 309.0 68.7 308.8 42.3 375.7 41.8 375.9 68.2
P2598__1.0__1556___0 0.953 285.5 119.7 285.3 99.7 325.1 99.3 325.3 119.3
P2598__1.0__1556___0 0.930 342.0 120.2 340.9 97.1 390.9 94.8 391.9 118.0
P2598__1.0__1556___0 0.879 622.8 23.5 632.4 3.9 670.9 22.8 661.3 42.4
P2598__1.0__1556___1254 0.984 636.2 512.6 637.4 492.5 682.5 495.2 681.2 515.4
P1888__1.0__0___0 0.988 643.3 265.9 653.1 265.0 655.1 285.6 645.3 286.6
P1888__1.0__0___0 0.938 654.6 285.8 664.4 285.2 665.7 305.8 655.9 306.4
P1888__1.0__0___0 0.920 653.2 262.9 662.9 262.0 664.9 284.5 655.2 285.3
P1888__1.0__0___0 0.848 652.8 372.3 664.5 372.1 665.0 396.5 653.3 396.7
P1888__1.0__0___0 0.817 664.2 261.3 673.3 260.3 675.8 282.5 666.6 283.5
P2598__1.0__1200___0 0.997 355.1 124.2 354.9 102.8 396.9 102.3 397.2 123.8
P2598__1.0__1200___0 0.996 243.7 124.4 243.7 104.9 282.5 105.0 282.5 124.4
P2598__1.0__1200___0 0.996 197.9 123.6 197.8 104.0 238.3 103.8 238.4 123.3
P2598__1.0__1200___0 0.994 308.3 126.6 306.6 107.8 349.4 103.9 351.1 122.8
P2598__1.0__1200___0 0.993 140.1 123.0 140.9 102.8 180.7 104.3 180.0 124.5
P2598__1.0__1200___0 0.983 731.5 60.2 730.6 41.0 763.1 39.7 763.9 58.8
P2598__1.0__1200___0 0.975 447.6 62.5 446.9 44.4 483.2 42.9 484.0 61.0
P2598__1.0__1200___0 0.969 640.7 119.1 640.6 99.1 681.7 99.0 681.7 118.9
P2598__1.0__1200___0 0.963 664.8 66.9 664.8 42.5 731.3 42.7 731.3 67.0
P2598__1.0__1200___0 0.953 130.8 65.8 130.1 45.6 171.5 44.2 172.2 64.4
P2598__1.0__1200___0 0.945 341.1 0.7 359.4 -0.9 362.6 36.3 344.4 37.9
P2598__1.0__1200___0 0.825 699.7 121.2 698.5 98.4 746.9 96.0 748.0 118.8
P2598__1.0__0___600 0.986 343.8 773.4 324.2 771.7 328.0 727.0 347.6 728.7
P1088__1.0__0___0 0.994 193.3 614.3 193.3 597.4 230.8 597.3 230.9 614.2
P1088__1.0__0___0 0.989 193.4 592.6 193.4 575.8 230.6 575.7 230.7 592.5
P1088__1.0__0___0 0.932 190.7 754.5 190.8 738.1 226.9 738.3 226.8 754.8
P1088__1.0__0___0 0.859 195.5 686.0 195.1 668.5 244.9 667.4 245.3 684.8
P2598__1.0__1200___1254 0.806 10.8 707.0 -3.2 701.1 3.8 684.8 17.7 690.7
P2598__1.0__0___1254 0.995 147.2 404.4 152.7 388.3 186.2 399.8 180.7 415.8
P2598__1.0__0___1254 0.988 331.8 168.3 348.2 167.4 349.9 200.0 333.5 200.8
P2598__1.0__0___1254 0.986 343.6 120.5 323.4 118.2 328.6 73.0 348.8 75.4
P2598__1.0__0___1254 0.975 304.9 167.9 321.7 167.8 322.0 202.2 305.2 202.3
P2598__1.0__0___1254 0.945 372.3 201.7 355.3 200.6 357.3 171.0 374.3 172.1
P2598__1.0__0___1254 0.847 743.4 724.5 743.6 706.4 784.0 706.8 783.8 725.0
P2598__1.0__0___1254 0.844 424.3 146.7 425.3 127.7 467.2 130.1 466.1 149.1
P1088__1.0__0___1103 0.963 189.7 0.7 206.1 0.2 207.2 34.1 190.8 34.6
P2598__1.0__1200___1200 0.899 14.9 759.2 -0.5 758.5 0.3 740.9 15.7 741.6
P2598__1.0__1556___1200 0.976 636.5 566.6 637.1 547.1 681.6 548.6 680.9 568.1
P2598__1.0__1556___1200 0.861 772.3 548.9 773.2 531.5 802.3 533.0 801.4 550.4
P2598__1.0__600___600 0.929 148.8 554.2 149.7 529.4 196.4 531.1 195.5 555.8
P2598__1.0__0___1200 0.994 147.7 458.0 153.2 442.2 185.4 453.5 179.8 469.3
P2598__1.0__0___1200 0.986 332.6 222.0 348.7 221.7 349.3 254.2 333.1 254.5
P2598__1.0__0___1200 0.978 344.0 173.8 324.0 172.4 327.0 127.9 347.1 129.3
P2598__1.0__0___1200 0.950 674.1 751.5 681.7 737.4 708.4 751.9 700.8 766.0
P2598__1.0__0___1200 0.841 255.8 216.6 272.7 215.1 275.6 249.3 258.8 250.7
P2598__1.0__0___1200 0.804 743.0 777.6 743.6 760.7 782.7 762.1 782.1 779.0
P0706__1.0__311___382 0.814 596.8 499.9 586.7 491.2 606.3 468.2 616.4 476.8
P2598__1.0__600___0 0.991 741.5 123.2 742.2 104.5 779.3 105.9 778.6 124.6
P2598__1.0__600___0 0.983 730.7 65.8 730.0 45.7 771.3 44.3 772.0 64.4
P2598__1.0__600___0 0.982 537.6 125.5 537.0 106.8 573.6 105.6 574.2 124.2
P2598__1.0__600___0 0.887 488.7 124.7 488.5 106.2 524.9 105.8 525.1 124.3
P2598__1.0__600___0 0.873 443.9 125.7 444.1 107.0 480.4 107.4 480.2 126.1
