P1234__1.0__2400___3200 1.000 38.6 531.2 38.7 507.4 64.0 507.6 63.9 531.3
P1234__1.0__2400___3200 0.998 772.9 696.5 801.0 697.2 799.7 746.5 771.7 745.8
P1234__1.0__2400___3200 0.998 7.3 526.0 7.2 501.6 35.3 501.5 35.3 526.0
P1234__1.0__2400___3200 0.998 745.1 666.6 745.1 650.2 762.1 650.2 762.1 666.6
P1234__1.0__2400___3200 0.997 214.2 744.4 214.2 733.2 225.7 733.2 225.7 744.4
P1234__1.0__2400___3200 0.996 222.1 761.3 221.9 750.1 233.9 749.8 234.2 761.0
P1234__1.0__2400___3200 0.996 230.9 779.0 231.0 767.6 242.5 767.7 242.4 779.0
P1234__1.0__2400___3200 0.995 748.8 646.3 748.8 629.1 767.1 629.1 767.0 646.4
P1234__1.0__2400___3200 0.994 740.6 687.5 740.8 670.6 758.5 670.8 758.3 687.8
P1234__1.0__2400___3200 0.994 186.2 769.9 186.0 758.3 197.6 758.1 197.8 769.7
P1234__1.0__2400___3200 0.993 208.3 774.0 208.2 763.3 220.4 763.2 220.5 773.8
P1234__1.0__2400___3200 0.992 238.7 750.7 234.8 739.4 246.7 735.2 250.7 746.5
P1234__1.0__2400___3200 0.992 789.7 624.2 799.3 624.7 796.6 674.2 787.0 673.7
P1234__1.0__2400___3200 0.992 188.6 755.4 188.3 743.7 200.9 743.4 201.1 755.2
P1234__1.0__2400___3200 0.991 219.5 776.2 219.5 765.0 231.1 765.1 231.1 776.3
P1234__1.0__2400___3200 0.991 192.3 740.2 192.2 729.3 203.9 729.2 204.0 740.1
P1234__1.0__2400___3200 0.991 134.7 799.3 134.5 788.3 151.7 788.0 151.9 799.0
P1234__1.0__2400___3200 0.990 203.9 741.9 203.0 730.9 215.0 730.0 215.8 741.0
P1234__1.0__2400___3200 0.989 225.9 747.0 225.4 735.7 237.2 735.2 237.7 746.4
P1234__1.0__2400___3200 0.989 210.8 759.2 210.5 748.3 223.4 748.0 223.6 758.9
P1234__1.0__2400___3200 0.984 234.0 762.9 234.0 752.4 245.8 752.4 245.8 762.9
P1234__1.0__2400___3200 0.974 181.3 737.7 181.5 726.6 193.1 726.7 193.0 737.9
P1234__1.0__2400___3200 0.966 175.0 767.5 174.9 756.9 186.7 756.8 186.8 767.4
P1234__1.0__2400___3200 0.964 196.6 772.2 196.8 761.1 209.5 761.4 209.3 772.5
P1234__1.0__2400___3200 0.954 171.2 737.3 168.7 726.0 180.8 723.3 183.3 734.6
P1234__1.0__2400___3200 0.926 154.9 799.9 154.9 791.0 171.3 791.1 171.2 800.1
P1234__1.0__2400___3200 0.911 178.4 752.8 178.2 741.7 189.8 741.4 190.1 752.5
P1234__1.0__2400___3200 0.900 163.6 767.3 163.6 754.8 177.2 754.8 177.2 767.3
P1234__1.0__2400___3200 0.845 167.8 751.4 165.3 740.7 178.2 737.6 180.8 748.2
P1234__1.0__2400___3200 0.806 175.1 801.1 175.5 793.9 191.0 794.7 190.7 801.9
P1234__1.0__600___3000 1.000 631.2 452.6 631.9 411.6 672.9 412.3 672.2 453.3
P1234__1.0__600___3000 1.000 676.9 438.1 717.5 428.5 727.1 469.6 686.5 479.1
P1234__1.0__600___3000 1.000 703.0 384.5 703.2 361.3 726.9 361.5 726.6 384.7
P1234__1.0__600___3000 0.999 667.6 367.4 667.7 345.7 690.8 345.8 690.7 367.5
P1234__1.0__600___3000 0.999 738.9 401.7 739.4 377.8 764.4 378.3 763.8 402.2
P1234__1.0__600___3000 0.996 772.4 418.9 773.2 394.9 798.3 395.7 797.5 419.7
P1234__1.0__600___3000 0.973 687.0 331.5 686.6 314.2 704.8 313.9 705.1 331.2
P1234__1.0__600___3000 0.938 708.6 345.0 709.0 331.9 724.0 332.4 723.7 345.5
P2709__1.0__1200___1200 0.999 678.0 800.0 678.0 783.1 728.1 783.1 728.1 800.0
P2709__1.0__1200___1200 0.996 460.4 793.7 463.2 762.9 513.0 767.4 510.2 798.2
P2709__1.0__1200___1200 0.984 339.4 714.6 364.2 693.2 393.2 726.8 368.4 748.2
P2709__1.0__1200___1200 0.981 275.3 800.6 274.9 772.0 357.3 770.7 357.7 799.4
P2709__1.0__1200___1200 0.979 278.3 705.8 282.0 676.8 327.8 682.6 324.0 711.7
P2709__1.0__1200___1200 0.975 414.0 708.0 445.5 653.9 496.8 683.8 465.3 737.9
P2709__1.0__1200___1200 0.965 385.4 770.5 410.2 746.1 444.6 781.1 419.9 805.5
P2709__1.0__1200___1200 0.961 613.9 793.8 616.8 752.3 669.8 756.1 667.0 797.5
P2709__1.0__1200___1200 0.951 357.3 687.0 366.7 640.0 425.2 651.7 415.8 698.7
P2709__1.0__1200___1200 0.949 368.2 669.7 375.0 632.5 426.1 641.9 419.3 679.1
P2709__1.0__1200___1200 0.946 777.3 692.1 799.0 690.3 801.8 722.2 780.1 724.0
P2709__1.0__1200___1200 0.900 545.5 787.4 551.1 749.5 601.4 756.9 595.8 794.8
P2709__1.0__1200___1200 0.900 397.1 750.9 421.1 723.7 457.0 755.4 433.0 782.6
P2709__1.0__1200___1200 0.860 384.9 783.9 403.1 729.1 458.9 747.7 440.8 802.4
P2709__1.0__1200___1200 0.849 325.0 743.8 348.5 716.9 380.4 744.7 356.8 771.6
P2709__1.0__1200___1200 0.827 537.5 779.7 562.1 717.1 617.8 739.0 593.2 801.6
P1234__1.0__3200___3200 1.000 153.2 713.4 153.2 660.9 206.2 660.9 206.2 713.4
P1234__1.0__3200___3200 1.000 214.2 682.1 263.0 667.9 277.4 717.3 228.6 731.6
P1234__1.0__3200___3200 1.000 437.7 718.1 474.4 686.0 508.2 724.6 471.5 756.7
P1234__1.0__3200___3200 1.000 59.5 688.6 60.6 638.3 112.8 639.4 111.7 689.7
P1234__1.0__3200___3200 1.000 380.9 732.0 382.0 680.8 434.2 682.0 433.1 733.2
P1234__1.0__3200___3200 1.000 44.0 761.5 44.8 710.5 96.1 711.3 95.3 762.3
P1234__1.0__3200___3200 1.000 38.7 674.2 -1.3 673.5 -0.5 624.5 39.5 625.2
P1234__1.0__3200___3200 1.000 180.0 591.7 180.5 562.8 211.2 563.3 210.7 592.2
P1234__1.0__3200___3200 0.999 318.4 719.7 317.8 669.6 369.1 669.0 369.7 719.1
P1234__1.0__3200___3200 0.999 209.6 598.2 209.2 569.4 240.5 569.0 240.9 597.7
P1234__1.0__3200___3200 0.999 302.3 784.6 300.9 736.0 355.3 734.4 356.6 783.0
P1234__1.0__3200___3200 0.999 432.2 800.3 431.7 762.1 484.1 761.5 484.5 799.7
P1234__1.0__3200___3200 0.999 204.3 789.3 205.7 737.7 258.7 739.1 257.3 790.8
P1234__1.0__3200___3200 0.999 138.9 775.9 139.7 725.7 192.8 726.7 191.9 776.9
P1234__1.0__3200___3200 0.999 625.6 728.3 689.8 725.6 692.5 792.0 628.3 794.6
P1234__1.0__3200___3200 0.999 359.5 761.4 405.9 736.9 429.6 781.7 383.2 806.2
P1234__1.0__3200___3200 0.998 74.7 597.1 74.7 581.0 91.8 581.0 91.9 597.0
P1234__1.0__3200___3200 0.998 614.7 779.6 552.1 776.2 555.6 713.4 618.2 716.8
P1234__1.0__3200___3200 0.998 116.0 605.2 116.2 589.8 131.8 590.0 131.6 605.4
P1234__1.0__3200___3200 0.998 94.9 601.1 95.0 585.3 111.4 585.4 111.3 601.2
P1234__1.0__3200___3200 0.996 589.1 26.7 589.5 -0.4 658.7 0.6 658.3 27.8
P1234__1.0__3200___3200 0.993 23.0 746.1 -0.4 746.9 -2.1 697.9 21.4 697.1
P1234__1.0__3200___3200 0.991 684.1 40.8 683.8 0.3 747.0 -0.3 747.3 40.3
P1234__1.0__3200___3200 0.953 538.9 799.8 538.8 789.6 604.4 788.8 604.5 799.0
P1234__1.0__3200___3200 0.847 798.5 791.7 785.0 790.7 786.6 769.0 800.2 770.0
P2709__1.0__0___0 0.999 711.0 58.7 713.5 34.5 738.3 37.0 735.8 61.3
P2709__1.0__0___0 0.991 53.8 183.2 65.8 182.7 66.3 195.5 54.4 196.0
P2709__1.0__0___0 0.974 39.4 187.0 51.7 187.0 51.7 200.0 39.4 200.0
P2709__1.0__0___0 0.918 107.4 141.6 134.7 137.1 140.7 173.3 113.4 177.8
P2709__1.0__0___0 0.849 88.4 180.2 90.5 163.8 105.9 165.7 103.9 182.1
P2709__1.0__0___600 1.000 392.6 415.8 412.2 376.7 451.3 396.4 431.7 435.4
P2709__1.0__0___600 1.000 410.5 465.5 433.6 432.6 469.0 457.5 445.8 490.3
P2709__1.0__0___600 1.000 452.6 368.4 493.1 367.6 493.9 411.7 453.4 412.4
P2709__1.0__0___600 1.000 460.6 448.8 488.2 417.1 518.8 443.8 491.2 475.5
P2709__1.0__0___600 1.000 431.1 526.9 443.6 488.9 483.5 501.9 471.0 539.9
P1234__1.0__600___3200 1.000 630.2 250.4 632.1 209.9 672.1 211.7 670.2 252.2
P1234__1.0__600___3200 1.000 680.1 233.2 723.0 232.5 723.7 274.7 680.8 275.4
P1234__1.0__600___3200 1.000 702.3 184.4 702.5 160.8 727.1 161.0 727.0 184.6
P1234__1.0__600___3200 0.999 667.9 167.1 668.0 146.3 690.3 146.3 690.2 167.2
P1234__1.0__600___3200 0.999 739.1 201.1 739.3 177.4 763.8 177.6 763.6 201.4
P1234__1.0__600___3200 0.996 772.6 218.0 773.1 194.5 798.4 195.0 797.9 218.5
P1234__1.0__600___3200 0.958 686.5 132.1 686.4 113.4 705.7 113.3 705.8 132.0
P1234__1.0__600___3200 0.882 708.5 144.9 708.7 131.2 724.3 131.5 724.0 145.2
P1234__1.0__3000___3000 1.000 640.6 101.9 664.1 52.3 713.0 75.4 689.6 125.0
P1234__1.0__3000___3000 1.000 721.0 31.5 764.4 -2.4 796.4 38.7 753.0 72.5
P1234__1.0__3000___3000 1.000 670.8 49.4 666.1 9.6 706.0 4.8 710.7 44.6
P1234__1.0__3000___3000 1.000 696.4 180.9 725.5 132.9 771.0 160.5 742.0 208.5
P1234__1.0__3000___3000 1.000 633.7 182.2 634.4 129.8 691.4 130.5 690.7 182.9
P1234__1.0__3000___3000 0.999 709.8 112.4 737.0 65.6 783.7 92.7 756.5 139.5
P1234__1.0__3000___3000 0.999 378.2 790.6 381.0 760.7 411.8 763.6 409.0 793.4
P1234__1.0__3000___3000 0.998 409.7 797.3 409.6 769.1 440.0 769.1 440.0 797.3
P1234__1.0__3000___3000 0.998 274.6 796.3 275.3 780.7 291.6 781.4 290.9 797.1
P1234__1.0__3000___3000 0.995 315.6 800.1 315.4 789.0 332.1 788.7 332.4 799.8
P1234__1.0__3000___3000 0.994 262.0 118.0 265.5 57.9 330.6 61.7 327.1 121.7
P1234__1.0__3000___3000 0.994 534.3 169.6 535.1 111.2 599.5 112.2 598.7 170.6
P1234__1.0__3000___3000 0.993 548.3 87.9 551.7 30.7 614.5 34.5 611.1 91.7
P1234__1.0__3000___3000 0.992 295.2 799.6 294.7 785.7 311.3 785.1 311.8 799.0
P1234__1.0__3000___3000 0.986 468.3 73.2 471.4 15.0 534.2 18.3 531.1 76.5
P1234__1.0__3000___3000 0.978 338.3 126.8 351.7 69.2 416.1 84.2 402.7 141.8
P1234__1.0__3000___3000 0.970 357.7 57.1 361.5 -2.2 424.5 1.7 420.7 61.1
P1234__1.0__3000___3000 0.964 462.8 157.6 453.6 100.7 513.0 91.1 522.2 148.0
P1234__1.0__3000___3000 0.962 278.6 41.0 279.1 -0.4 343.1 0.4 342.6 41.8
P1234__1.0__3000___3000 0.938 566.4 16.2 566.5 0.1 626.4 0.7 626.2 16.8
P2709__1.0__1800___1614 1.000 -7.6 531.5 25.4 496.1 65.7 533.7 32.6 569.0
P2709__1.0__1800___1614 0.996 34.8 502.1 36.7 440.8 98.1 442.8 96.2 504.0
P2709__1.0__1800___1614 0.995 76.9 405.5 79.0 369.6 131.8 372.6 129.8 408.5
P2709__1.0__1800___1614 0.946 -8.3 429.5 7.6 405.5 44.8 430.2 28.8 454.2
P2709__1.0__1800___1614 0.894 63.6 408.8 91.8 382.4 124.4 417.3 96.2 443.7
P2709__1.0__1800___1614 0.828 174.3 309.3 175.6 249.3 238.0 250.7 236.7 310.6
P2709__1.0__1800___1614 0.803 10.4 370.6 25.0 334.6 73.0 354.2 58.4 390.1
P2709__1.0__1200___0 1.000 273.4 475.0 273.3 440.4 307.9 440.4 307.9 474.9
P2709__1.0__1200___0 1.000 263.8 608.9 264.1 556.8 314.5 557.0 314.2 609.1
P2709__1.0__1200___0 1.000 178.6 655.1 179.3 603.4 233.6 604.0 233.0 655.8
P2709__1.0__1200___0 1.000 250.1 669.4 251.0 615.0 306.7 615.9 305.8 670.3
P2709__1.0__1200___0 1.000 167.4 716.9 167.5 665.2 220.7 665.3 220.6 717.1
P2709__1.0__1200___0 1.000 221.9 791.9 222.1 739.4 279.1 739.5 278.9 792.0
P2709__1.0__1200___0 1.000 236.9 727.7 236.8 676.2 290.8 676.1 290.9 727.7
P2709__1.0__1200___0 1.000 63.4 687.9 64.0 619.6 133.2 620.3 132.5 688.6
P2709__1.0__1200___0 1.000 343.6 296.2 343.4 265.4 376.6 265.2 376.9 296.0
P2709__1.0__1200___0 1.000 416.4 328.5 424.9 296.9 456.6 305.5 448.1 337.1
P2709__1.0__1200___0 1.000 312.6 512.9 311.3 448.0 382.2 446.6 383.5 511.5
P2709__1.0__1200___0 1.000 416.3 784.9 416.1 755.7 445.6 755.5 445.7 784.7
P2709__1.0__1200___0 1.000 151.6 780.5 151.4 727.1 207.4 726.8 207.7 780.3
P2709__1.0__1200___0 1.000 192.9 594.3 193.1 541.8 247.4 541.9 247.3 594.4
P2709__1.0__1200___0 1.000 382.0 315.5 381.2 283.0 415.0 282.2 415.7 314.7
P2709__1.0__1200___0 1.000 215.1 538.6 216.5 468.7 286.6 470.2 285.2 540.0
P2709__1.0__1200___0 1.000 360.2 256.3 359.0 230.1 385.9 228.8 387.2 255.0
P2709__1.0__1200___0 1.000 102.6 529.0 101.9 462.5 164.5 461.9 165.2 528.3
P2709__1.0__1200___0 1.000 80.6 606.5 81.8 540.8 150.2 542.1 148.9 607.7
P2709__1.0__1200___0 1.000 506.8 399.4 506.6 378.6 527.8 378.3 528.0 399.2
P2709__1.0__1200___0 0.999 443.2 295.0 445.2 271.1 471.3 273.3 469.3 297.2
P2709__1.0__1200___0 0.999 50.3 769.7 47.4 701.1 114.7 698.2 117.7 766.7
P2709__1.0__1200___0 0.999 466.5 299.4 480.6 278.0 504.1 293.5 490.0 314.9
P2709__1.0__1200___0 0.999 416.2 282.9 417.4 257.3 443.5 258.5 442.3 284.1
P2709__1.0__1200___0 0.999 485.9 391.0 486.0 369.1 508.0 369.1 507.9 391.1
P2709__1.0__1200___0 0.999 351.7 330.3 351.6 308.6 374.4 308.5 374.5 330.2
P2709__1.0__1200___0 0.999 473.3 346.8 473.8 324.9 496.4 325.5 495.9 347.3
P2709__1.0__1200___0 0.998 31.3 800.2 31.1 778.2 97.9 777.7 98.0 799.8
P2709__1.0__1200___0 0.997 529.6 409.3 529.2 389.2 549.6 388.8 550.1 408.9
P2709__1.0__1200___0 0.997 403.8 799.6 403.6 784.5 430.5 784.2 430.7 799.3
P2709__1.0__1200___0 0.997 550.8 383.9 550.5 367.1 567.3 366.8 567.6 383.6
P2709__1.0__1200___0 0.996 405.8 274.2 384.1 259.9 398.5 238.0 420.2 252.2
P2709__1.0__1200___0 0.996 375.3 340.7 375.2 319.6 396.9 319.5 397.0 340.6
P2709__1.0__1200___0 0.996 516.5 366.9 516.2 350.9 533.0 350.5 533.4 366.5
P2709__1.0__1200___0 0.994 329.5 318.7 330.0 298.1 350.8 298.6 350.3 319.2
P2709__1.0__1200___0 0.993 353.6 237.9 339.7 237.6 340.0 223.0 353.9 223.3
P2709__1.0__1200___0 0.993 302.7 549.8 302.2 514.7 339.3 514.2 339.8 549.3
P2709__1.0__1200___0 0.990 497.5 359.9 497.4 342.5 515.2 342.4 515.3 359.8
P2709__1.0__1200___0 0.990 546.8 414.7 555.7 395.5 576.9 405.4 568.0 424.5
P2709__1.0__1200___0 0.989 521.9 341.3 520.6 329.5 534.4 327.9 535.7 339.8
P2709__1.0__1200___0 0.984 560.1 357.1 562.2 346.3 574.7 348.8 572.6 359.6
P2709__1.0__1200___0 0.983 319.7 280.2 319.8 265.1 336.0 265.1 336.0 280.3
P2709__1.0__1200___0 0.982 573.1 364.0 575.4 352.2 587.3 354.5 585.1 366.3
P2709__1.0__1200___0 0.982 400.9 352.4 400.6 332.7 421.5 332.4 421.8 352.1
P2709__1.0__1200___0 0.973 534.7 346.9 534.5 335.3 547.7 335.0 547.9 346.7
P2709__1.0__1200___0 0.970 140.1 799.8 140.2 785.7 197.2 786.0 197.1 800.2
P2709__1.0__1200___0 0.963 309.4 302.5 309.7 285.9 325.7 286.3 325.3 302.8
P2709__1.0__1200___0 0.960 388.9 469.9 392.6 451.0 411.1 454.6 407.5 473.5
P2709__1.0__1200___0 0.957 568.6 391.8 568.5 375.7 585.0 375.5 585.2 391.6
P2709__1.0__1200___0 0.896 547.2 347.7 553.3 339.2 563.6 346.7 557.5 355.2
P2709__1.0__2190___0 1.000 15.8 499.5 6.4 466.9 39.3 457.4 48.7 490.0
P2709__1.0__2190___0 0.998 30.9 439.5 41.7 421.6 59.8 432.6 49.0 450.4
P2709__1.0__2190___0 0.998 31.5 435.4 10.4 436.1 9.6 412.3 30.7 411.6
P2709__1.0__2190___0 0.996 -6.7 507.5 17.8 494.8 32.0 522.0 7.4 534.7
P2709__1.0__2190___0 0.990 8.2 422.4 -0.5 422.6 -1.0 401.9 7.7 401.7
P1234__1.0__3000___3200 1.000 415.0 679.6 466.4 669.8 476.1 720.7 424.8 730.5
P1234__1.0__3000___3200 1.000 353.5 713.1 353.0 662.7 404.4 662.1 405.0 712.5
P1234__1.0__3000___3200 1.000 252.1 677.4 271.7 631.3 318.5 651.2 298.9 697.3
P1234__1.0__3000___3200 1.000 647.1 746.5 648.7 695.6 699.6 697.3 698.0 748.2
P1234__1.0__3000___3200 1.000 187.5 675.9 186.6 624.5 240.4 623.5 241.3 674.9
P1234__1.0__3000___3200 1.000 172.9 744.8 173.6 696.3 224.0 697.1 223.2 745.6
P1234__1.0__3000___3200 1.000 404.1 790.2 405.2 738.2 457.7 739.3 456.6 791.3
P1234__1.0__3000___3200 1.000 581.1 732.1 583.2 680.0 634.7 682.0 632.6 734.2
P1234__1.0__3000___3200 1.000 565.1 792.9 571.1 743.7 624.2 750.1 618.2 799.3
P1234__1.0__3000___3200 1.000 502.6 783.6 501.6 734.8 554.8 733.8 555.8 782.6
P1234__1.0__3000___3200 1.000 409.0 598.2 408.6 569.1 440.2 568.8 440.5 597.8
P1234__1.0__3000___3200 1.000 632.9 800.0 632.4 761.4 685.3 760.7 685.8 799.4
P1234__1.0__3000___3200 0.999 243.8 760.3 246.2 709.8 296.3 712.2 293.9 762.7
P1234__1.0__3000___3200 0.999 338.8 775.8 341.6 723.5 391.9 726.1 389.1 778.4
P1234__1.0__3000___3200 0.999 380.1 592.0 379.8 563.4 411.3 563.0 411.6 591.6
P1234__1.0__3000___3200 0.999 519.8 719.0 518.5 670.3 568.8 669.0 570.1 717.6
P1234__1.0__3000___3200 0.998 314.9 605.4 315.1 589.8 331.9 590.0 331.7 605.6
P1234__1.0__3000___3200 0.997 294.9 601.2 294.9 585.5 311.4 585.4 311.4 601.2
P1234__1.0__3000___3200 0.995 273.4 595.7 276.1 579.6 292.9 582.4 290.2 598.5
P1234__1.0__3000___3200 0.995 144.8 666.7 144.8 649.8 162.5 649.8 162.5 666.7
P1234__1.0__3000___3200 0.992 140.3 688.0 140.2 670.5 158.6 670.4 158.6 688.0
P1234__1.0__3000___3200 0.989 148.5 646.3 148.4 629.1 167.1 629.0 167.2 646.2
P1234__1.0__3000___3200 0.986 768.2 780.9 743.2 743.8 787.6 714.0 812.6 751.0
P1234__1.0__3000___3200 0.970 738.1 799.7 738.2 789.3 796.0 790.0 795.9 800.3
P2709__1.0__600___0 1.000 664.0 688.7 663.4 619.7 733.3 619.1 733.8 688.1
P2709__1.0__600___0 1.000 699.4 528.3 698.7 461.6 766.6 460.9 767.3 527.6
P2709__1.0__600___0 1.000 679.9 608.3 680.9 541.2 748.4 542.2 747.4 609.4
P2709__1.0__600___0 0.999 649.0 771.1 646.9 700.5 714.8 698.5 716.9 769.2
P2709__1.0__600___0 0.999 111.1 59.7 111.2 35.1 137.2 35.2 137.1 59.8
P2709__1.0__600___0 0.998 629.8 800.1 629.7 778.3 700.1 778.0 700.2 799.9
P2709__1.0__600___0 0.994 752.2 778.2 752.2 728.6 799.0 728.6 799.0 778.3
P2709__1.0__600___0 0.994 303.7 615.3 302.2 588.7 329.8 587.2 331.3 613.8
P2709__1.0__600___0 0.985 797.4 656.6 780.0 656.1 781.6 603.8 799.0 604.4
P2709__1.0__600___0 0.969 758.7 679.1 785.4 666.2 806.6 710.0 779.9 722.9
P2709__1.0__600___0 0.951 765.2 716.6 753.5 688.7 800.1 669.2 811.8 697.0
P2709__1.0__600___0 0.921 796.0 546.6 798.7 546.4 802.1 607.1 799.4 607.2
P2709__1.0__600___0 0.895 739.1 799.9 739.1 786.8 792.0 786.9 792.0 800.1
P2709__1.0__600___0 0.866 796.6 538.1 801.8 538.4 798.4 600.5 793.3 600.2
P2709__1.0__600___0 0.850 796.0 546.4 799.3 546.4 799.6 599.6 796.3 599.6
P1234__1.0__1800___3000 1.000 413.5 770.6 413.9 746.2 439.0 746.6 438.6 771.0
P1234__1.0__1800___3000 0.999 638.6 731.0 638.5 707.1 664.2 707.0 664.2 731.0
P1234__1.0__1800___3000 0.999 607.0 726.4 607.1 701.0 635.0 701.1 634.9 726.5
P1234__1.0__1800___3000 0.999 512.8 719.7 513.1 697.5 536.3 697.9 536.0 720.0
P1234__1.0__1800___3000 0.999 378.6 766.8 378.6 740.9 406.1 740.9 406.1 766.8
P1234__1.0__1800___3000 0.999 539.9 724.0 540.1 703.1 562.1 703.3 561.8 724.3
P1234__1.0__1800___3000 0.998 446.4 776.3 446.3 752.0 472.2 752.0 472.2 776.2
P1234__1.0__1800___3000 0.997 492.5 712.3 492.4 698.0 507.8 697.8 508.0 712.1
P1234__1.0__1800___3000 0.997 479.6 781.0 479.7 758.5 504.1 758.6 504.0 781.1
P1234__1.0__1800___3000 0.986 473.8 708.8 474.3 694.7 489.3 695.2 488.9 709.3
P2709__1.0__1200___1614 1.000 462.7 700.7 509.8 685.9 525.5 735.7 478.4 750.5
P2709__1.0__1200___1614 0.999 262.7 457.8 263.7 355.6 363.8 356.6 362.7 458.8
P2709__1.0__1200___1614 0.999 432.5 664.9 469.9 664.6 470.2 703.5 432.8 703.8
P2709__1.0__1200___1614 0.997 461.0 558.1 464.8 455.4 567.1 459.2 563.2 561.9
P2709__1.0__1200___1614 0.997 462.4 382.5 464.4 349.7 514.1 352.8 512.0 385.6
P2709__1.0__1200___1614 0.997 361.4 505.6 365.3 404.4 466.5 408.3 462.6 509.4
P2709__1.0__1200___1614 0.997 338.1 306.0 354.6 278.7 394.8 303.1 378.3 330.4
P2709__1.0__1200___1614 0.992 423.2 306.8 429.9 247.9 488.7 254.6 482.0 313.4
P2709__1.0__1200___1614 0.991 639.5 496.0 638.7 441.2 700.4 440.2 701.2 495.1
P2709__1.0__1200___1614 0.989 577.4 556.2 584.3 500.5 659.3 509.8 652.4 565.5
P2709__1.0__1200___1614 0.988 279.4 289.1 284.2 263.1 329.5 271.4 324.7 297.4
P2709__1.0__1200___1614 0.986 398.0 344.1 412.1 313.4 457.3 334.2 443.2 364.9
P2709__1.0__1200___1614 0.979 656.7 401.7 697.0 361.3 740.0 404.3 699.6 444.6
P2709__1.0__1200___1614 0.974 368.0 252.9 375.8 217.2 427.5 228.6 419.7 264.3
P2709__1.0__1200___1614 0.974 326.4 320.4 357.7 305.5 375.2 342.1 343.9 357.1
P2709__1.0__1200___1614 0.973 584.6 447.2 587.5 409.0 640.2 413.1 637.3 451.2
P2709__1.0__1200___1614 0.944 355.3 257.7 380.8 231.8 416.2 266.6 390.8 292.5
P2709__1.0__1200___1614 0.922 775.5 276.5 797.6 273.3 802.7 308.7 780.6 311.9
P2709__1.0__1200___1614 0.921 521.1 392.1 552.2 369.7 581.7 410.4 550.5 432.9
P2709__1.0__1200___1614 0.918 673.8 400.6 686.9 362.5 733.5 378.5 720.4 416.6
P2709__1.0__1200___1614 0.849 615.7 372.2 621.9 337.8 672.7 347.0 666.5 381.4
P2709__1.0__1200___1614 0.817 541.0 349.0 567.3 323.2 604.0 360.6 577.7 386.4
P2709__1.0__1200___1614 0.813 274.5 316.6 276.2 286.5 320.2 289.0 318.5 319.1
P2709__1.0__1800___0 1.000 344.4 513.4 344.0 479.5 377.5 479.1 377.9 513.0
P2709__1.0__1800___0 1.000 362.4 475.8 361.3 443.2 395.7 442.1 396.8 474.7
P2709__1.0__1800___0 1.000 394.4 472.5 423.2 455.6 440.5 485.2 411.7 502.0
P2709__1.0__1800___0 1.000 326.5 549.0 327.0 515.9 361.6 516.4 361.1 549.5
P2709__1.0__1800___0 1.000 361.6 567.9 362.5 532.8 401.9 533.8 401.0 568.9
P2709__1.0__1800___0 0.999 383.4 530.4 383.8 499.3 416.9 499.7 416.5 530.9
P2709__1.0__1800___0 0.999 377.3 423.3 376.5 402.0 399.4 401.1 400.2 422.5
P2709__1.0__1800___0 0.997 426.6 424.7 445.5 424.6 445.6 445.8 426.7 445.9
P2709__1.0__1800___0 0.995 402.0 436.0 398.3 415.1 420.2 411.3 423.9 432.1
P1234__1.0__3200___3000 1.000 516.0 125.3 520.5 73.1 574.7 77.9 570.2 130.0
P1234__1.0__3200___3000 1.000 525.1 19.3 576.3 1.6 593.6 51.8 542.4 69.5
P1234__1.0__3200___3000 1.000 443.6 108.9 456.8 56.0 509.0 69.1 495.8 122.0
P1234__1.0__3200___3000 1.000 505.5 196.6 506.0 143.6 560.9 144.2 560.3 197.1
P1234__1.0__3200___3000 1.000 434.3 182.2 433.7 131.5 490.8 130.9 491.4 181.5
P1234__1.0__3200___3000 0.999 592.1 221.8 595.7 161.4 659.5 165.2 655.9 225.6
P1234__1.0__3200___3000 0.999 467.4 46.5 468.4 6.3 509.8 7.4 508.7 47.5
P1234__1.0__3200___3000 0.999 684.6 239.1 686.6 179.3 749.7 181.4 747.7 241.2
P1234__1.0__3200___3000 0.998 74.7 795.7 75.7 780.6 91.8 781.7 90.7 796.8
P1234__1.0__3200___3000 0.998 611.3 131.7 613.2 69.5 674.8 71.4 672.9 133.6
P1234__1.0__3200___3000 0.998 95.0 799.4 94.7 785.0 111.6 784.6 111.9 799.0
P1234__1.0__3200___3000 0.998 175.3 786.4 186.2 756.8 215.4 767.6 204.5 797.1
P1234__1.0__3200___3000 0.997 61.5 118.0 64.4 57.7 130.0 60.8 127.1 121.1
P1234__1.0__3200___3000 0.997 208.8 797.6 208.7 769.3 240.9 769.1 241.1 797.5
P1234__1.0__3200___3000 0.994 335.1 170.8 334.3 111.9 398.8 111.0 399.6 169.9
P1234__1.0__3200___3000 0.994 693.6 130.7 722.7 77.2 777.3 106.9 748.2 160.4
P1234__1.0__3200___3000 0.994 348.7 87.2 352.2 30.2 416.2 34.2 412.7 91.1
P1234__1.0__3200___3000 0.989 115.5 800.1 115.2 789.0 132.2 788.6 132.4 799.7
P1234__1.0__3200___3000 0.981 136.3 121.7 158.4 64.0 220.1 87.6 198.1 145.2
P1234__1.0__3200___3000 0.975 79.1 40.3 79.3 -0.2 144.1 0.2 144.0 40.6
P1234__1.0__3200___3000 0.973 159.3 58.3 163.0 -2.0 224.7 1.7 221.0 62.0
P1234__1.0__3200___3000 0.967 269.4 72.3 272.6 14.5 335.5 18.0 332.3 75.8
P1234__1.0__3200___3000 0.966 366.6 15.9 366.8 0.4 426.8 1.2 426.6 16.7
P1234__1.0__3200___3000 0.960 260.4 156.4 253.4 100.5 315.6 92.6 322.7 148.6
P1234__1.0__3200___3000 0.872 799.8 259.6 782.2 259.6 782.4 223.6 799.9 223.7
P1234__1.0__3000___2400 1.000 668.0 646.8 668.3 606.5 709.7 606.8 709.5 647.1
P1234__1.0__3000___2400 1.000 644.0 711.6 650.5 658.9 706.7 665.8 700.3 718.5
P1234__1.0__3000___2400 1.000 714.0 722.9 724.2 670.5 778.6 681.1 768.5 733.5
P1234__1.0__3000___2400 1.000 722.5 646.0 748.2 597.1 796.2 622.4 770.4 671.2
P1234__1.0__3000___2400 0.999 633.3 781.7 633.3 730.4 691.4 730.4 691.4 781.7
P1234__1.0__3000___2400 0.999 699.2 788.2 716.2 735.7 766.1 751.8 749.2 804.3
P1234__1.0__3000___2400 0.999 279.2 639.0 281.1 579.2 346.4 581.3 344.4 641.1
P1234__1.0__3000___2400 0.999 263.6 716.9 266.3 656.9 330.9 659.8 328.2 719.8
P1234__1.0__3000___2400 0.998 349.5 641.2 380.1 584.6 436.2 614.9 405.6 671.5
P1234__1.0__3000___2400 0.996 548.4 688.5 550.8 632.0 614.6 634.7 612.2 691.3
P1234__1.0__3000___2400 0.996 552.3 573.5 604.5 538.7 640.3 592.5 588.2 627.3
P1234__1.0__3000___2400 0.994 361.5 535.9 417.8 501.5 452.1 557.6 395.8 592.0
P1234__1.0__3000___2400 0.990 470.4 673.0 470.4 617.7 533.4 617.8 533.4 673.1
P1234__1.0__3000___2400 0.988 336.5 722.7 356.5 663.8 418.6 684.9 398.5 743.8
P1234__1.0__3000___2400 0.982 455.4 752.5 456.6 694.6 519.6 695.9 518.4 753.8
P1234__1.0__3000___2400 0.976 533.6 769.2 536.5 707.7 599.7 710.6 596.8 772.1
P1234__1.0__3000___2400 0.965 298.4 564.7 292.1 505.5 355.3 498.8 361.6 558.0
P1234__1.0__3000___2400 0.953 487.4 600.5 484.1 539.1 546.4 535.8 549.7 597.2
P1234__1.0__1200___3000 1.000 23.8 441.5 40.3 403.7 78.4 420.3 61.8 458.2
P1234__1.0__1200___3000 1.000 80.2 433.5 121.6 430.8 124.5 473.9 83.1 476.7
P1234__1.0__1200___3000 1.000 103.3 384.3 103.2 361.4 126.9 361.3 126.9 384.3
P1234__1.0__1200___3000 0.999 68.1 367.0 68.2 345.8 90.2 346.0 90.0 367.2
P1234__1.0__1200___3000 0.999 138.6 401.8 138.8 377.7 163.6 377.9 163.4 402.0
P1234__1.0__1200___3000 0.998 172.9 418.5 173.5 394.7 198.3 395.3 197.7 419.1
P1234__1.0__1200___3000 0.979 87.0 331.3 86.8 313.9 105.3 313.7 105.5 331.1
P1234__1.0__1200___3000 0.953 109.5 344.7 110.0 332.4 124.8 332.9 124.4 345.3
P2709__1.0__1800___1200 0.999 76.0 800.1 76.0 783.2 129.2 783.1 129.3 799.9
P2709__1.0__1800___1200 0.994 12.4 795.4 14.4 753.2 71.6 755.9 69.5 798.2
P2709__1.0__600___600 1.000 726.7 301.5 726.3 250.9 780.5 250.4 780.9 301.0
P2709__1.0__600___600 1.000 714.1 362.2 713.5 310.5 768.6 309.9 769.2 361.6
P2709__1.0__600___600 1.000 590.3 406.2 591.3 337.0 665.2 338.0 664.2 407.3
P2709__1.0__600___600 1.000 739.9 241.3 739.1 188.7 793.2 187.9 794.0 240.5
P2709__1.0__600___600 1.000 646.4 167.1 647.8 99.0 717.8 100.4 716.4 168.6
P2709__1.0__600___600 1.000 612.1 327.9 611.4 261.5 680.5 260.8 681.2 327.2
P2709__1.0__600___600 1.000 628.6 250.1 628.5 180.3 699.2 180.2 699.3 250.0
P2709__1.0__600___600 1.000 751.9 176.9 752.0 128.8 800.0 128.9 799.9 177.0
P2709__1.0__600___600 0.999 663.2 87.2 664.3 19.7 732.8 20.7 731.8 88.3
P2709__1.0__600___600 0.999 696.9 423.5 697.8 371.0 756.8 372.1 755.8 424.6
P2709__1.0__600___600 0.996 800.6 372.1 782.3 372.3 781.9 324.8 800.1 324.7
P2709__1.0__600___600 0.988 303.3 16.2 303.4 2.0 330.8 2.2 330.7 16.5
P2709__1.0__600___600 0.986 797.1 57.3 777.6 56.2 780.5 4.9 800.0 6.0
P2709__1.0__600___600 0.963 762.1 72.2 792.2 64.8 804.3 113.6 774.2 121.1
P2709__1.0__600___600 0.924 763.8 115.1 754.2 88.8 800.8 71.6 810.5 98.0
P1234__1.0__2400___3000 1.000 38.8 731.2 38.7 707.2 63.7 707.1 63.8 731.2
P1234__1.0__2400___3000 0.999 7.5 726.5 7.5 701.5 35.0 701.5 35.0 726.5
P1234__1.0__2400___3000 0.999 477.3 185.1 477.5 172.7 491.0 172.9 490.8 185.3
P1234__1.0__2400___3000 0.997 506.5 162.5 507.0 151.8 518.4 152.3 517.9 163.1
P1234__1.0__2400___3000 0.996 457.0 200.6 456.9 189.7 468.9 189.6 469.0 200.6
P1234__1.0__2400___3000 0.995 447.8 208.7 447.8 198.3 459.2 198.4 459.2 208.7
P1234__1.0__2400___3000 0.995 339.3 49.0 339.2 36.9 351.9 36.8 352.0 48.9
P1234__1.0__2400___3000 0.994 509.0 73.2 509.3 59.9 523.4 60.2 523.1 73.5
P1234__1.0__2400___3000 0.993 494.2 174.0 494.4 161.7 506.5 161.9 506.3 174.2
P1234__1.0__2400___3000 0.992 543.9 91.2 544.1 81.4 554.1 81.6 553.9 91.4
P1234__1.0__2400___3000 0.992 335.0 65.1 335.1 53.1 347.2 53.2 347.1 65.2
P1234__1.0__2400___3000 0.990 368.8 49.8 368.8 31.0 389.0 30.9 389.1 49.8
P1234__1.0__2400___3000 0.990 467.2 192.3 467.5 181.6 479.0 182.0 478.7 192.6
P1234__1.0__2400___3000 0.990 350.3 68.4 351.9 57.6 362.9 59.3 361.3 70.1
P1234__1.0__2400___3000 0.986 437.4 215.9 437.6 204.7 448.7 205.0 448.5 216.1
P1234__1.0__2400___3000 0.979 342.9 34.2 343.1 21.6 357.0 21.8 356.8 34.4
P1234__1.0__2400___3000 0.949 363.1 61.2 364.3 51.3 375.1 52.7 373.8 62.6
P1234__1.0__2400___3000 0.850 528.9 90.7 528.9 81.0 539.1 81.0 539.2 90.7
P1234__1.0__2400___3000 0.845 491.4 157.6 491.1 148.3 502.6 148.0 502.9 157.2
P1234__1.0__2400___3000 0.832 496.5 58.9 496.7 44.5 512.7 44.8 512.5 59.1
P1234__1.0__3200___2400 1.000 515.2 726.3 522.6 671.8 577.1 679.2 569.7 733.6
P1234__1.0__3200___2400 1.000 468.7 646.1 469.4 606.4 509.6 607.0 508.9 646.8
P1234__1.0__3200___2400 1.000 446.6 714.8 450.2 660.2 505.2 663.9 501.5 718.4
P1234__1.0__3200___2400 1.000 593.9 801.0 593.0 767.9 656.3 766.2 657.2 799.2
P1234__1.0__3200___2400 0.999 524.8 651.8 540.1 600.5 593.0 616.2 577.7 667.5
P1234__1.0__3200___2400 0.999 694.7 710.4 746.4 677.2 779.1 728.1 727.4 761.3
P1234__1.0__3200___2400 0.999 433.7 781.1 435.9 728.8 491.5 731.2 489.2 783.4
P1234__1.0__3200___2400 0.999 504.8 794.5 505.8 742.7 560.4 743.8 559.4 795.6
P1234__1.0__3200___2400 0.999 688.9 800.8 688.6 781.3 747.9 780.2 748.3 799.6
P1234__1.0__3200___2400 0.999 78.2 638.7 80.2 579.0 146.9 581.3 144.8 641.0
P1234__1.0__3200___2400 0.998 148.2 629.1 190.4 583.0 237.2 625.7 195.0 671.9
P1234__1.0__3200___2400 0.998 61.9 716.6 64.9 656.6 130.0 659.8 127.0 719.9
P1234__1.0__3200___2400 0.997 349.1 687.5 352.1 631.1 415.8 634.5 412.7 690.9
P1234__1.0__3200___2400 0.997 611.5 730.7 613.7 669.3 674.4 671.5 672.1 732.9
P1234__1.0__3200___2400 0.996 360.0 607.2 371.3 548.2 433.7 560.2 422.3 619.2
P1234__1.0__3200___2400 0.992 270.1 671.6 273.0 614.7 336.1 617.9 333.2 674.8
P1234__1.0__3200___2400 0.992 140.9 729.8 150.6 667.8 214.7 677.8 205.0 739.8
P1234__1.0__3200___2400 0.990 260.5 755.0 253.9 700.2 316.1 692.8 322.7 747.6
P1234__1.0__3200___2400 0.989 165.0 562.9 189.2 506.4 249.5 532.3 225.3 588.8
P1234__1.0__3200___2400 0.985 95.7 560.3 97.4 500.8 159.1 502.6 157.3 562.0
P1234__1.0__3200___2400 0.981 286.4 597.7 285.5 538.4 348.2 537.5 349.1 596.8
P1234__1.0__3200___2400 0.980 334.2 769.8 335.2 708.3 399.3 709.3 398.3 770.8
P1234__1.0__2400___2400 0.999 477.5 784.7 477.7 772.5 491.0 772.7 490.8 784.9
P1234__1.0__2400___2400 0.997 493.9 773.6 493.9 762.1 506.4 762.1 506.4 773.6
P1234__1.0__2400___2400 0.995 506.5 762.4 507.0 751.4 518.3 751.9 517.8 762.9
P1234__1.0__2400___2400 0.995 502.1 419.1 502.3 403.2 519.9 403.3 519.7 419.2
P1234__1.0__2400___2400 0.995 339.3 649.4 339.1 636.7 351.9 636.5 352.1 649.2
P1234__1.0__2400___2400 0.995 509.1 673.3 509.3 659.8 524.0 660.0 523.9 673.6
P1234__1.0__2400___2400 0.995 334.8 665.0 335.3 652.8 347.5 653.4 346.9 665.6
P1234__1.0__2400___2400 0.993 368.3 649.4 368.2 630.7 389.0 630.6 389.1 649.3
P1234__1.0__2400___2400 0.993 466.7 792.4 466.9 782.0 478.7 782.2 478.5 792.6
P1234__1.0__2400___2400 0.991 457.1 798.9 457.3 789.7 468.1 789.9 467.9 799.1
P1234__1.0__2400___2400 0.990 343.6 634.0 343.6 621.7 357.3 621.7 357.3 634.0
P1234__1.0__2400___2400 0.978 303.4 570.4 303.5 561.9 313.5 562.1 313.4 570.5
P1234__1.0__2400___2400 0.976 350.7 668.9 351.5 657.8 362.7 658.6 361.9 669.7
P1234__1.0__2400___2400 0.974 543.9 691.8 543.6 681.7 554.0 681.3 554.3 691.5
P1234__1.0__2400___2400 0.938 528.8 689.9 528.9 680.9 538.6 680.9 538.5 689.9
P1234__1.0__2400___2400 0.930 312.6 572.8 312.9 565.1 321.6 565.4 321.3 573.2
P1234__1.0__2400___2400 0.929 496.3 659.1 496.5 644.2 512.9 644.4 512.7 659.3
P1234__1.0__2400___2400 0.882 362.5 661.1 364.5 650.9 375.1 652.9 373.2 663.2
P1234__1.0__2400___2400 0.872 490.8 757.9 490.4 748.2 502.6 747.7 503.0 757.4
P1234__1.0__1800___3200 1.000 379.1 566.0 379.6 541.2 405.6 541.6 405.1 566.5
P1234__1.0__1800___3200 0.999 413.6 570.4 413.9 546.5 438.9 546.9 438.5 570.8
P1234__1.0__1800___3200 0.999 513.0 519.6 513.2 498.1 536.1 498.3 535.8 519.9
P1234__1.0__1800___3200 0.999 638.3 531.3 638.3 506.9 664.7 506.9 664.6 531.4
P1234__1.0__1800___3200 0.999 539.9 523.7 540.2 503.2 561.6 503.5 561.3 524.0
P1234__1.0__1800___3200 0.999 607.2 526.5 607.3 501.4 634.3 501.5 634.2 526.5
P1234__1.0__1800___3200 0.998 446.4 576.8 446.5 552.1 472.5 552.2 472.4 576.9
P1234__1.0__1800___3200 0.998 479.3 581.1 479.4 558.0 504.6 558.1 504.5 581.2
P1234__1.0__1800___3200 0.996 787.1 769.2 786.9 758.4 797.6 758.2 797.8 769.0
P1234__1.0__1800___3200 0.996 781.5 738.2 781.9 727.3 793.6 727.9 793.1 738.7
P1234__1.0__1800___3200 0.995 492.6 512.2 492.7 497.8 508.5 497.8 508.4 512.2
P1234__1.0__1800___3200 0.994 778.8 752.7 778.7 741.9 789.8 741.8 789.9 752.6
P1234__1.0__1800___3200 0.984 474.0 508.6 474.1 494.6 489.4 494.7 489.3 508.7
P1234__1.0__1800___3200 0.980 775.9 767.7 775.8 757.1 787.3 756.9 787.4 767.5
P1234__1.0__1800___3200 0.977 734.5 799.2 734.4 788.3 752.6 788.1 752.7 798.9
P1234__1.0__1800___3200 0.972 770.9 737.8 768.4 726.2 780.6 723.6 783.1 735.2
P1234__1.0__1800___3200 0.968 766.2 750.5 766.3 738.9 779.0 739.0 779.0 750.6
P1234__1.0__1800___3200 0.956 764.0 767.2 763.7 754.6 777.1 754.4 777.3 766.9
P1234__1.0__1800___3200 0.935 754.8 800.0 754.8 791.7 771.5 791.7 771.5 800.0
P1234__1.0__1800___3200 0.864 775.2 800.0 775.2 794.8 791.3 794.7 791.3 800.0
P2709__1.0__1200___600 1.000 251.3 69.0 250.4 15.8 306.1 14.8 307.0 68.0
P2709__1.0__1200___600 1.000 306.4 281.7 305.8 247.9 341.0 247.2 341.7 281.0
P2709__1.0__1200___600 1.000 209.8 252.7 209.5 200.6 265.4 200.3 265.6 252.4
P2709__1.0__1200___600 1.000 112.5 362.1 112.6 309.2 169.1 309.2 169.1 362.2
P2709__1.0__1200___600 1.000 167.1 116.2 167.5 64.4 220.1 64.8 219.7 116.7
P2709__1.0__1200___600 1.000 125.4 301.3 125.3 248.0 181.3 247.8 181.4 301.2
P2709__1.0__1200___600 1.000 182.4 376.1 183.2 319.7 241.6 320.5 240.8 376.9
P2709__1.0__1200___600 1.000 3.8 337.5 62.5 336.1 64.2 408.4 5.5 409.8
P2709__1.0__1200___600 1.000 417.0 184.7 417.0 155.9 445.4 155.9 445.4 184.7
P2709__1.0__1200___600 1.000 12.4 327.6 13.4 261.0 81.4 262.1 80.4 328.7
P2709__1.0__1200___600 1.000 152.9 179.2 152.6 126.7 206.6 126.5 206.9 178.9
P2709__1.0__1200___600 1.000 139.5 239.6 139.5 188.3 194.1 188.3 194.2 239.6
P2709__1.0__1200___600 1.000 196.0 313.5 195.7 259.9 252.4 259.5 252.7 313.1
P2709__1.0__1200___600 1.000 237.3 126.7 237.0 76.0 291.0 75.7 291.3 126.3
P2709__1.0__1200___600 1.000 224.1 191.0 224.0 139.5 277.6 139.3 277.8 190.8
P2709__1.0__1200___600 1.000 403.2 211.8 403.8 185.5 431.5 186.1 431.0 212.4
P2709__1.0__1200___600 1.000 280.0 372.3 280.4 348.6 304.9 349.0 304.6 372.8
P2709__1.0__1200___600 1.000 29.0 248.7 29.2 179.9 99.4 180.1 99.1 248.9
P2709__1.0__1200___600 1.000 287.9 347.0 287.9 318.4 317.0 318.4 317.0 347.0
P2709__1.0__1200___600 1.000 336.8 274.2 363.9 256.6 382.0 284.4 355.0 302.0
P2709__1.0__1200___600 0.999 330.0 331.1 330.0 301.8 360.7 301.8 360.7 331.1
P2709__1.0__1200___600 0.999 49.0 167.8 49.2 100.4 116.4 100.6 116.2 168.0
P2709__1.0__1200___600 0.999 63.0 87.8 63.7 20.3 133.1 21.0 132.5 88.5
P2709__1.0__1200___600 0.999 297.2 314.8 297.5 285.4 328.7 285.7 328.4 315.1
P2709__1.0__1200___600 0.999 307.5 385.2 307.6 361.7 332.1 361.8 332.0 385.2
P2709__1.0__1200___600 0.999 98.5 423.9 98.5 371.1 156.4 371.1 156.4 423.9
P2709__1.0__1200___600 0.999 286.8 433.4 286.7 414.0 306.3 413.9 306.4 433.3
P2709__1.0__1200___600 0.999 383.8 223.8 383.5 202.6 405.1 202.2 405.4 223.5
P2709__1.0__1200___600 0.998 274.3 397.4 274.5 376.7 296.1 376.9 295.8 397.6
P2709__1.0__1200___600 0.997 177.7 53.8 179.9 1.3 234.2 3.7 231.9 56.2
P2709__1.0__1200___600 0.995 277.3 452.8 277.4 435.1 295.8 435.2 295.7 452.9
P2709__1.0__1200___600 0.991 298.2 408.4 298.5 387.1 321.0 387.3 320.8 408.6
P2709__1.0__1200___600 0.951 262.1 10.3 262.0 1.9 316.3 1.0 316.4 9.4
P2709__1.0__1200___600 0.910 330.7 354.3 330.8 337.3 348.4 337.4 348.3 354.4
P1234__1.0__1200___3200 1.000 31.1 252.4 32.3 210.1 73.5 211.3 72.3 253.6
P1234__1.0__1200___3200 1.000 103.1 184.1 103.3 161.5 126.6 161.6 126.5 184.2
P1234__1.0__1200___3200 1.000 80.0 233.3 123.0 231.7 124.5 274.4 81.5 276.0
P1234__1.0__1200___3200 0.999 138.9 200.8 139.2 177.4 163.8 177.7 163.5 201.1
P1234__1.0__1200___3200 0.999 68.0 167.3 68.1 146.2 90.2 146.3 90.1 167.3
P1234__1.0__1200___3200 0.998 172.7 218.1 173.1 194.4 198.8 194.8 198.4 218.5
P1234__1.0__1200___3200 0.996 588.9 645.1 590.2 633.5 603.8 635.0 602.4 646.7
P1234__1.0__1200___3200 0.994 587.7 661.8 588.6 649.9 600.7 650.8 599.8 662.8
P1234__1.0__1200___3200 0.993 570.0 637.0 570.7 624.7 584.9 625.5 584.2 637.7
P1234__1.0__1200___3200 0.986 108.9 145.2 109.3 131.9 124.0 132.3 123.6 145.7
P1234__1.0__1200___3200 0.985 568.3 651.4 568.5 638.1 582.9 638.3 582.8 651.5
P1234__1.0__1200___3200 0.985 572.5 708.9 572.4 692.9 590.2 692.8 590.3 708.7
P1234__1.0__1200___3200 0.973 569.7 725.3 569.8 709.9 586.4 710.0 586.3 725.4
P1234__1.0__1200___3200 0.936 553.1 648.0 553.2 635.3 567.4 635.4 567.3 648.1
P1234__1.0__1200___3200 0.935 86.7 131.4 86.6 114.0 105.8 113.9 105.9 131.4
P1234__1.0__1200___1800 0.834 145.6 606.0 146.1 597.6 156.4 598.2 155.9 606.6
P1234__1.0__1200___1800 0.805 153.5 595.9 153.8 586.7 165.2 587.0 164.9 596.3
