P0770__1.0__810___0 0.999 296.0 736.2 331.2 651.6 449.2 700.6 414.1 785.2
P0770__1.0__0___0 0.993 236.7 669.5 245.9 647.9 290.4 666.8 281.2 688.4
P0770__1.0__0___0 0.991 344.2 405.3 326.9 397.5 344.2 359.2 361.6 367.0
P0770__1.0__0___0 0.958 236.6 670.5 245.9 647.9 290.4 666.2 281.1 688.8
P0770__1.0__0___0 0.952 304.8 536.6 277.0 532.2 284.5 485.0 312.2 489.4
P0770__1.0__0___0 0.923 540.5 115.4 520.6 105.3 540.1 66.9 560.0 77.0
P0770__1.0__0___0 0.831 202.1 703.8 209.9 683.1 252.1 699.1 244.2 719.8
P0770__1.0__600___0 0.999 508.2 746.6 539.2 653.5 655.0 692.0 624.0 785.1
P0770__1.0__0___558 0.994 129.8 722.9 112.0 717.3 122.6 683.2 140.5 688.8
P0770__1.0__0___558 0.991 226.4 490.4 209.4 483.5 221.4 453.7 238.4 460.6
P0770__1.0__0___558 0.971 236.2 112.4 245.7 90.4 289.6 109.3 280.1 131.3
P0770__1.0__600___558 0.998 502.7 177.6 540.1 92.3 658.8 144.4 621.4 229.7
P0770__1.0__810___558 0.999 293.0 179.6 329.3 93.7 446.6 143.3 410.3 229.2
