P0168__1.0__0___0 0.999 615.1 739.0 640.7 627.0 780.5 659.0 754.9 771.0
P0168__1.0__0___0 0.999 798.7 482.2 699.7 451.6 734.8 338.0 833.8 368.5
P0168__1.0__0___0 0.999 695.1 652.7 711.1 570.2 813.7 590.1 797.7 672.6
P0168__1.0__0___0 0.999 659.9 578.1 685.7 480.9 811.8 514.4 785.9 611.6
P0168__1.0__0___0 0.993 796.7 807.6 751.5 791.4 776.9 720.2 822.1 736.3
P1088__1.0__600___1103 1.000 180.5 214.4 139.7 98.6 262.9 55.1 303.8 171.0
P1088__1.0__600___1103 1.000 478.3 730.6 345.0 610.5 473.8 467.5 607.2 587.6
P1088__1.0__600___1103 1.000 -24.8 104.9 47.5 53.2 112.8 144.5 40.6 196.2
P1088__1.0__600___1103 0.819 28.2 712.9 -2.0 712.1 1.7 576.3 31.9 577.1
P0168__1.0__1504___992 1.000 142.4 122.2 120.4 38.1 224.2 11.1 246.1 95.1
P0168__1.0__1504___992 0.999 109.7 127.2 117.8 80.6 171.0 89.9 162.8 136.5
P0168__1.0__1504___992 0.989 124.3 186.3 126.5 148.3 167.7 150.6 165.5 188.7
P0168__1.0__1504___992 0.920 115.3 249.7 116.7 223.3 151.7 225.2 150.3 251.6
P0168__1.0__1504___992 0.909 93.7 283.0 88.5 251.2 131.1 244.1 136.4 276.0
P1088__1.0__799___1103 1.000 237.3 723.5 150.1 569.2 318.2 474.2 405.4 628.5
P1088__1.0__799___1103 0.998 -25.7 165.0 -15.8 85.2 107.6 100.6 97.7 180.3
P1088__1.0__799___1103 0.997 67.5 205.2 -11.9 186.0 17.5 64.2 96.9 83.4
P0168__1.0__1504___0 0.999 207.9 695.9 165.7 678.6 186.8 626.9 229.0 644.1
P0168__1.0__1504___0 0.999 171.0 789.8 174.6 730.5 248.8 735.1 245.1 794.4
P0168__1.0__1504___0 0.999 281.9 686.0 198.9 670.5 214.6 586.2 297.6 601.6
P0168__1.0__1504___0 0.998 157.2 722.6 201.8 640.9 310.0 699.9 265.4 781.6
P0168__1.0__1504___0 0.993 302.2 760.8 242.8 691.7 318.8 626.3 378.2 695.4
P0168__1.0__1504___0 0.969 16.8 741.4 -8.6 737.4 0.2 681.8 25.6 685.8
P0168__1.0__1504___0 0.959 252.8 798.6 256.5 770.8 336.7 781.7 333.0 809.4
P0168__1.0__1200___600 1.000 180.0 394.5 201.8 309.5 319.1 339.6 297.3 424.6
P0168__1.0__1200___600 1.000 145.6 677.9 155.5 620.7 219.2 631.8 209.3 689.0
P0168__1.0__1200___600 1.000 119.3 726.9 136.0 669.5 203.2 689.0 186.5 746.5
P0168__1.0__1200___600 0.999 234.3 323.8 245.3 257.8 311.2 268.8 300.2 334.8
P0168__1.0__1200___600 0.999 259.4 135.3 273.4 72.1 335.1 85.7 321.2 148.9
P0168__1.0__1200___600 0.999 175.0 514.9 193.1 449.0 273.7 471.1 255.6 537.0
P0168__1.0__1200___600 0.999 644.9 154.3 556.3 126.7 584.6 35.5 673.3 63.1
P0168__1.0__1200___600 0.999 119.1 600.8 143.1 503.4 267.7 534.1 243.7 631.5
P0168__1.0__1200___600 0.999 457.8 131.9 518.9 34.7 614.2 94.6 553.1 191.8
P0168__1.0__1200___600 0.999 235.2 190.2 249.8 133.3 314.1 149.8 299.5 206.7
P0168__1.0__1200___600 0.999 430.4 489.4 450.3 401.5 547.5 423.6 527.6 511.5
P0168__1.0__1200___600 0.999 526.5 375.0 452.1 311.3 523.2 228.4 597.5 292.1
P0168__1.0__1200___600 0.998 411.7 517.2 420.4 472.0 474.2 482.3 465.5 527.6
P0168__1.0__1200___600 0.998 509.0 97.3 468.8 75.8 493.8 29.1 534.0 50.6
P0168__1.0__1200___600 0.997 478.0 189.8 481.8 130.3 552.3 134.8 548.5 194.3
P0168__1.0__1200___600 0.996 586.9 84.0 505.5 72.8 516.9 -9.0 598.2 2.3
P0168__1.0__1200___600 0.993 510.0 237.2 506.6 189.9 596.7 183.4 600.1 230.7
P0168__1.0__1200___600 0.982 218.6 475.0 225.4 427.2 288.9 436.2 282.1 484.0
P0168__1.0__1200___600 0.982 462.6 393.9 465.4 361.5 506.5 365.1 503.6 397.5
P0168__1.0__1200___600 0.978 429.2 579.2 428.6 544.2 470.3 543.4 471.0 578.4
P0168__1.0__1200___600 0.962 421.1 640.8 423.1 615.9 456.7 618.6 454.7 643.5
P0168__1.0__1200___600 0.933 400.3 675.9 392.3 644.8 432.4 634.6 440.4 665.6
P0168__1.0__1200___600 0.917 560.5 219.4 572.4 174.5 635.5 191.2 623.5 236.1
P1088__1.0__0___600 1.000 537.9 308.6 533.4 194.5 664.8 189.4 669.2 303.5
P1088__1.0__0___600 1.000 574.0 681.7 573.4 574.2 691.6 573.6 692.1 681.1
P1088__1.0__0___600 1.000 251.4 304.2 264.9 184.3 394.5 198.9 381.1 318.8
P1088__1.0__0___600 1.000 412.5 295.4 413.0 213.3 499.6 213.8 499.1 295.9
P1088__1.0__0___600 0.986 754.5 600.0 798.6 596.4 807.4 703.5 763.3 707.1
P1088__1.0__0___600 0.864 727.6 678.3 723.5 635.6 834.9 624.7 839.1 667.5
P2709__1.0__1800___1614 0.921 -1.3 753.8 30.8 748.1 39.6 797.5 7.5 803.3
P0168__1.0__1200___992 1.000 144.7 287.5 155.8 227.3 219.1 238.9 208.0 299.2
P0168__1.0__1200___992 1.000 118.9 211.0 141.6 112.1 266.3 140.7 243.7 239.6
P0168__1.0__1200___992 1.000 119.9 335.7 137.2 276.9 202.1 296.0 184.8 354.8
P0168__1.0__1200___992 1.000 428.6 100.9 444.4 12.7 548.0 31.3 532.2 119.5
P0168__1.0__1200___992 0.999 172.9 119.8 191.9 55.6 273.9 79.8 254.8 144.1
P0168__1.0__1200___992 0.999 410.7 121.8 421.6 80.2 475.1 94.1 464.3 135.7
P0168__1.0__1200___992 0.997 248.4 39.2 242.7 9.3 284.5 1.4 290.1 31.3
P0168__1.0__1200___992 0.989 428.1 185.7 430.6 148.0 472.2 150.7 469.8 188.4
P0168__1.0__1200___992 0.982 217.6 81.0 227.5 32.4 289.8 45.1 279.8 93.7
P0168__1.0__1200___992 0.950 397.2 283.3 392.4 250.7 436.9 244.2 441.7 276.9
P0168__1.0__1200___992 0.941 419.3 249.9 421.1 223.0 455.9 225.4 454.0 252.3
P0168__1.0__1200___992 0.880 218.1 34.3 212.4 5.8 288.5 -9.5 294.2 19.1
P0168__1.0__600___0 1.000 272.8 469.9 299.6 375.9 416.1 409.1 389.3 503.1
P0168__1.0__600___0 1.000 105.0 451.1 134.1 340.5 270.0 376.3 240.9 486.9
P0168__1.0__600___0 1.000 277.9 566.3 308.0 469.3 430.3 507.1 400.3 604.2
P0168__1.0__600___0 1.000 17.1 741.7 38.9 629.7 179.6 657.1 157.8 769.1
P0168__1.0__600___0 0.999 95.8 654.0 113.3 566.5 233.2 590.5 215.7 678.0
P0168__1.0__600___0 0.999 409.8 741.1 276.6 713.8 302.8 586.2 435.9 613.6
P0168__1.0__600___0 0.999 304.3 693.0 184.7 651.7 228.2 525.6 347.8 566.8
P0168__1.0__600___0 0.999 153.2 799.3 169.9 710.4 283.6 731.8 266.9 820.6
P0168__1.0__600___0 0.999 306.3 803.4 308.7 753.9 374.8 757.1 372.4 806.6
P0168__1.0__600___0 0.999 63.3 579.8 88.4 480.1 223.1 514.1 198.0 613.7
P1088__1.0__0___0 1.000 239.6 273.5 237.5 216.7 320.1 213.7 322.2 270.5
P1088__1.0__0___0 1.000 538.0 272.5 538.6 221.3 618.0 222.3 617.3 273.5
P1088__1.0__0___0 1.000 323.9 543.2 319.2 479.4 405.6 473.1 410.3 536.9
P1088__1.0__0___0 1.000 529.0 545.3 530.1 484.7 615.9 486.2 614.9 546.8
P1088__1.0__0___0 1.000 743.2 283.1 738.7 225.9 799.6 221.1 804.0 278.3
P1088__1.0__0___0 1.000 430.2 538.3 432.8 477.5 511.8 480.9 509.1 541.8
P1088__1.0__0___0 1.000 354.1 269.7 352.4 222.9 411.1 220.7 412.8 267.5
P1088__1.0__0___0 1.000 727.6 541.3 732.3 475.2 809.8 480.7 805.2 546.8
P1088__1.0__0___0 0.999 629.9 542.5 627.8 482.7 711.8 479.7 713.9 539.5
P0168__1.0__1504___600 0.999 338.9 156.9 248.6 124.4 281.2 33.9 371.5 66.4
P0168__1.0__1504___600 0.999 106.6 515.7 120.0 469.6 174.3 485.4 160.9 531.5
P0168__1.0__1504___600 0.999 256.9 365.3 158.9 336.2 187.2 240.7 285.3 269.9
P0168__1.0__1504___600 0.999 205.5 96.1 166.1 75.7 190.3 29.0 229.6 49.3
P0168__1.0__1504___600 0.999 134.5 504.0 127.0 416.8 231.2 407.9 238.6 495.2
P0168__1.0__1504___600 0.999 279.8 84.6 203.7 69.2 219.8 -10.1 295.9 5.4
P0168__1.0__1504___600 0.998 174.3 190.8 177.1 134.4 245.9 137.8 243.1 194.2
P0168__1.0__1504___600 0.997 155.9 121.8 207.4 38.2 310.1 101.5 258.6 185.1
P0168__1.0__1504___600 0.994 206.2 237.8 202.4 189.8 292.0 182.9 295.7 230.9
P0168__1.0__1504___600 0.990 158.2 393.5 162.0 360.6 202.8 365.3 199.0 398.2
P0168__1.0__1504___600 0.986 125.6 580.0 124.8 543.8 166.1 542.9 166.9 579.0
P0168__1.0__1504___600 0.982 15.3 137.2 -10.5 132.1 -0.1 79.3 25.6 84.3
P0168__1.0__1504___600 0.959 117.0 641.2 117.9 616.9 152.0 618.2 151.0 642.5
P0168__1.0__1504___600 0.936 261.8 214.7 281.5 173.0 333.7 197.7 314.0 239.4
P0168__1.0__1504___600 0.933 95.1 675.2 88.9 644.1 129.6 635.9 135.8 667.1
P0168__1.0__1504___600 0.833 106.4 642.1 104.7 613.6 142.1 611.4 143.8 639.8
P0168__1.0__0___600 1.000 579.3 488.2 602.3 364.1 755.8 392.5 732.8 516.7
P0168__1.0__0___600 1.000 620.1 140.2 645.0 30.1 781.8 61.0 756.9 171.1
P0168__1.0__0___600 1.000 577.6 261.1 604.6 145.8 745.0 178.7 718.0 294.0
P0168__1.0__0___600 0.999 696.2 55.0 710.4 -9.8 805.7 11.0 791.6 75.9
P0168__1.0__0___600 0.955 797.3 215.1 752.3 199.0 782.0 115.9 827.0 132.0
P1088__1.0__799___600 0.999 82.3 707.1 -3.1 703.5 2.4 575.4 87.7 579.1
P0168__1.0__600___992 0.999 720.3 336.7 735.4 279.0 801.0 296.2 785.9 353.9
P0168__1.0__600___992 0.999 -9.0 104.2 3.0 -10.5 152.1 5.2 140.1 119.8
P0168__1.0__600___992 0.999 802.0 297.1 742.0 285.5 753.4 226.5 813.4 238.2
P0168__1.0__600___992 0.995 802.0 236.4 711.3 204.8 743.9 111.1 834.6 142.7
P0168__1.0__600___992 0.934 801.5 111.4 774.6 106.5 782.4 63.9 809.2 68.8
P1088__1.0__0___1103 1.000 525.1 756.9 433.7 622.7 569.7 530.0 661.1 664.2
P1088__1.0__0___1103 1.000 560.0 158.0 597.6 53.0 707.1 92.1 669.5 197.2
P1088__1.0__0___1103 0.981 758.0 94.5 798.7 91.9 805.4 199.8 764.7 202.3
P1088__1.0__0___1103 0.881 724.9 134.1 749.3 99.0 840.4 162.5 816.0 197.5
P0168__1.0__600___600 1.000 -14.4 488.8 7.1 366.7 158.5 393.5 136.9 515.5
P0168__1.0__600___600 1.000 305.2 322.1 233.4 204.0 354.4 130.5 426.2 248.6
P0168__1.0__600___600 1.000 -18.2 256.4 12.4 146.1 146.5 183.3 115.9 293.7
P0168__1.0__600___600 0.999 720.8 728.1 736.0 670.8 801.2 688.1 786.1 745.4
P0168__1.0__600___600 0.999 218.9 251.8 137.4 182.4 214.6 91.8 296.1 161.2
P0168__1.0__600___600 0.999 411.5 138.2 284.9 114.2 308.6 -11.0 435.2 13.0
P0168__1.0__600___600 0.999 20.3 139.4 46.7 28.6 181.1 60.6 154.8 171.4
P0168__1.0__600___600 0.999 97.5 55.3 109.4 -17.9 229.7 1.7 217.8 74.8
P0168__1.0__600___600 0.999 195.7 59.5 219.9 -27.9 328.8 2.3 304.5 89.6
P0168__1.0__600___600 0.999 801.3 689.1 741.5 677.0 753.7 617.0 813.5 629.1
P0168__1.0__600___600 0.997 795.6 627.0 717.1 600.6 749.6 503.9 828.1 530.3
P0168__1.0__600___600 0.934 802.4 505.0 774.3 500.3 781.8 454.7 809.9 459.3
P1088__1.0__600___600 1.000 165.6 711.8 142.2 589.9 271.7 565.1 295.1 687.0
P1088__1.0__600___600 1.000 -28.2 631.2 16.6 560.3 114.5 622.2 69.8 693.1
P1088__1.0__600___600 0.999 -5.0 194.4 61.9 190.2 69.0 306.1 2.1 310.2
P1088__1.0__600___600 0.998 -30.1 279.1 -21.9 208.2 99.2 222.1 91.0 293.1
P0168__1.0__0___992 0.999 578.3 96.1 599.1 -21.7 757.1 6.2 736.4 123.9
P0168__1.0__1200___0 0.999 232.8 790.6 244.8 734.3 315.2 749.3 303.2 805.6
P0168__1.0__1200___0 0.999 318.3 749.4 258.6 733.8 275.2 670.6 334.9 686.2
P0168__1.0__1200___0 0.999 475.2 788.7 479.7 729.2 553.7 734.7 549.3 794.3
P0168__1.0__1200___0 0.998 513.2 697.4 468.4 679.7 489.1 627.2 533.9 644.9
P0168__1.0__1200___0 0.997 583.4 689.0 501.0 671.2 520.0 583.3 602.4 601.1
P0168__1.0__1200___0 0.995 459.8 719.7 507.2 640.4 611.7 703.0 564.3 782.2
P0168__1.0__1200___0 0.993 604.7 760.5 546.8 686.9 627.6 623.4 685.4 697.0
P0168__1.0__1200___0 0.980 558.9 798.1 563.0 770.6 640.6 782.1 636.5 809.6
P1088__1.0__799___0 1.000 40.5 281.3 40.1 224.6 121.7 224.1 122.1 280.7
P1088__1.0__799___0 1.000 434.7 110.8 379.9 108.2 383.8 21.2 438.7 23.7
P1088__1.0__799___0 1.000 140.2 276.3 142.8 225.3 219.7 229.2 217.2 280.2
P1088__1.0__799___0 1.000 238.2 282.8 239.8 226.9 324.0 229.2 322.5 285.1
P1088__1.0__799___0 1.000 42.6 545.1 42.5 490.3 120.2 490.1 120.3 544.9
P1088__1.0__799___0 1.000 145.0 549.0 145.2 490.7 235.5 491.0 235.3 549.3
P1088__1.0__799___0 0.982 18.4 544.2 -3.9 542.5 0.2 490.9 22.5 492.6
P1088__1.0__799___0 0.854 0.0 474.1 14.1 473.6 17.0 559.0 3.0 559.5
P1088__1.0__600___0 1.000 239.3 282.1 238.9 225.2 320.8 224.8 321.1 281.6
P1088__1.0__600___0 1.000 435.6 281.9 438.9 224.9 522.9 229.7 519.6 286.7
P1088__1.0__600___0 1.000 341.6 278.1 343.1 225.4 417.3 227.4 415.9 280.1
P1088__1.0__600___0 1.000 129.2 542.9 131.4 476.7 217.3 479.6 215.1 545.8
P1088__1.0__600___0 1.000 239.0 544.7 240.0 487.3 320.0 488.7 319.0 546.1
P1088__1.0__600___0 1.000 141.8 278.9 142.7 224.4 212.0 225.4 211.2 279.9
P1088__1.0__600___0 1.000 343.3 549.0 344.8 491.6 432.0 493.9 430.5 551.3
P1088__1.0__600___0 1.000 31.6 539.3 29.8 483.1 113.1 480.5 114.9 536.7
P1088__1.0__600___0 1.000 638.9 109.3 579.7 110.0 578.7 22.2 637.9 21.5
P1088__1.0__600___0 0.975 15.7 550.0 -0.8 549.5 1.3 486.5 17.8 487.1
P1088__1.0__600___0 0.949 21.1 293.5 -0.1 293.5 -0.1 220.6 21.1 220.6
