P1234__1.0__2400___0 0.989 161.9 344.9 175.5 321.4 269.5 375.9 255.9 399.4
P1234__1.0__2400___0 0.889 308.5 720.0 316.1 707.4 374.1 742.6 366.5 755.2
P1234__1.0__3000___0 0.998 366.2 385.9 376.7 364.1 447.7 398.4 437.1 420.2
P1234__1.0__3000___0 0.995 288.6 485.8 302.4 467.4 363.6 513.3 349.8 531.8
P1234__1.0__3000___0 0.992 258.4 400.2 269.4 385.4 329.6 429.6 318.7 444.5
P1234__1.0__3000___0 0.983 578.8 480.3 591.2 464.5 650.8 511.6 638.4 527.4
P1234__1.0__3000___0 0.947 495.6 581.7 507.8 563.4 557.8 596.6 545.6 614.9
P0706__1.0__0___0 0.999 505.9 302.6 495.9 292.5 523.9 264.9 533.8 274.9
P0706__1.0__0___0 0.998 429.7 376.4 420.4 366.6 447.2 341.1 456.5 350.9
P0706__1.0__0___0 0.998 450.5 396.6 440.1 388.8 463.5 357.4 473.9 365.1
P0706__1.0__0___0 0.997 701.5 738.4 690.3 729.2 718.3 695.2 729.5 704.4
P0706__1.0__0___0 0.997 149.9 667.8 138.6 656.3 170.7 624.7 182.0 636.2
P0706__1.0__0___0 0.996 368.9 398.5 358.8 389.1 385.6 360.1 395.8 369.5
P0706__1.0__0___0 0.996 690.9 721.8 681.8 710.7 709.4 687.9 718.6 699.1
P0706__1.0__0___0 0.996 703.3 416.4 694.6 407.5 718.6 384.0 727.4 392.9
P0706__1.0__0___0 0.995 617.4 208.6 608.8 200.4 630.3 178.0 638.9 186.2
P0706__1.0__0___0 0.995 40.5 786.4 30.9 775.7 65.7 744.6 75.3 755.3
P0706__1.0__0___0 0.995 497.1 289.1 487.4 279.1 516.0 251.3 525.7 261.4
P0706__1.0__0___0 0.995 527.7 322.7 516.6 313.3 541.0 284.2 552.2 293.6
P0706__1.0__0___0 0.994 197.5 713.0 185.7 703.1 214.0 669.5 225.8 679.5
P0706__1.0__0___0 0.994 703.1 504.2 691.7 495.4 717.1 462.7 728.5 471.5
P0706__1.0__0___0 0.994 346.8 614.1 337.2 604.4 364.2 577.6 373.8 587.2
P0706__1.0__0___0 0.994 467.2 654.5 457.7 646.7 480.4 618.9 490.0 626.7
P0706__1.0__0___0 0.994 590.0 393.4 580.4 383.4 609.3 355.7 618.9 365.7
P0706__1.0__0___0 0.994 644.7 439.4 634.6 429.7 660.8 402.1 671.0 411.8
P0706__1.0__0___0 0.994 486.6 281.6 477.2 272.6 503.4 244.8 512.9 253.8
P0706__1.0__0___0 0.994 632.0 228.1 622.7 217.3 650.1 193.8 659.4 204.6
P0706__1.0__0___0 0.993 495.9 679.4 486.1 671.2 509.1 643.9 518.8 652.1
P0706__1.0__0___0 0.993 396.2 426.4 387.1 416.1 415.9 390.6 425.0 400.8
P0706__1.0__0___0 0.993 398.6 585.1 388.6 575.0 417.1 546.5 427.2 556.6
P0706__1.0__0___0 0.993 380.7 564.6 368.7 555.0 394.9 522.4 406.8 531.9
P0706__1.0__0___0 0.993 718.2 520.2 709.1 510.2 737.7 484.0 746.9 494.0
P0706__1.0__0___0 0.993 649.0 681.7 641.0 670.0 670.7 649.9 678.7 661.7
P0706__1.0__0___0 0.993 302.5 580.2 291.5 569.5 323.3 537.0 334.3 547.7
P0706__1.0__0___0 0.992 586.0 169.1 578.1 160.3 599.3 141.3 607.2 150.1
P0706__1.0__0___0 0.992 524.9 712.5 514.7 702.4 544.7 672.1 554.9 682.2
P0706__1.0__0___0 0.992 635.2 430.5 624.2 422.3 646.6 392.5 657.6 400.8
P0706__1.0__0___0 0.992 677.0 397.0 667.5 387.6 693.4 361.3 702.9 370.7
P0706__1.0__0___0 0.992 737.8 161.0 731.1 153.7 753.9 132.7 760.6 140.0
P0706__1.0__0___0 0.991 658.9 249.2 649.3 241.1 669.5 217.2 679.1 225.4
P0706__1.0__0___0 0.991 531.3 801.8 521.7 791.5 549.2 765.8 558.8 776.1
P0706__1.0__0___0 0.991 582.8 770.7 573.7 760.7 601.9 735.1 611.0 745.1
P0706__1.0__0___0 0.991 659.4 694.7 651.6 685.3 679.5 662.4 687.2 671.8
P0706__1.0__0___0 0.991 394.4 91.3 405.3 79.5 444.3 115.4 433.5 127.2
P0706__1.0__0___0 0.991 543.2 733.2 533.8 722.5 564.7 695.4 574.1 706.2
P0706__1.0__0___0 0.990 508.3 455.0 498.9 445.1 525.8 419.2 535.3 429.0
P0706__1.0__0___0 0.990 518.8 794.7 508.3 783.9 538.1 754.7 548.7 765.4
P0706__1.0__0___0 0.990 365.1 633.3 355.5 623.0 383.4 597.2 392.9 607.5
P0706__1.0__0___0 0.990 254.4 766.2 243.1 756.5 270.2 725.0 281.5 734.8
P0706__1.0__0___0 0.990 487.8 516.5 477.3 508.0 500.1 479.6 510.6 488.1
P0706__1.0__0___0 0.989 330.6 517.0 319.2 504.9 353.9 472.2 365.3 484.4
P0706__1.0__0___0 0.988 470.1 417.3 460.2 407.4 489.2 378.2 499.1 388.1
P0706__1.0__0___0 0.988 229.2 743.2 218.0 731.9 248.7 701.5 259.9 712.8
P0706__1.0__0___0 0.988 549.4 494.1 539.0 484.8 563.3 457.5 573.7 466.7
P0706__1.0__0___0 0.988 338.5 758.7 330.0 749.4 358.2 723.4 366.7 732.7
P0706__1.0__0___0 0.988 621.5 337.1 613.0 328.4 637.9 303.8 646.5 312.5
P0706__1.0__0___0 0.988 563.3 751.8 553.6 742.0 584.3 711.4 594.1 721.1
P0706__1.0__0___0 0.988 233.2 494.7 223.1 485.4 248.4 458.1 258.5 467.4
P0706__1.0__0___0 0.987 680.4 484.8 670.0 474.8 698.2 445.4 708.6 455.5
P0706__1.0__0___0 0.987 452.0 492.9 441.7 482.6 473.4 451.0 483.7 461.3
P0706__1.0__0___0 0.987 685.8 634.6 675.7 624.8 701.5 598.2 711.6 608.0
P0706__1.0__0___0 0.987 741.8 333.6 732.2 325.6 754.1 299.2 763.7 307.2
P0706__1.0__0___0 0.987 349.3 378.4 339.8 368.2 369.7 340.2 379.2 350.3
P0706__1.0__0___0 0.987 383.2 406.3 372.1 397.0 395.9 368.6 407.0 377.9
P0706__1.0__0___0 0.987 429.7 63.0 442.0 54.0 469.0 91.3 456.6 100.3
P0706__1.0__0___0 0.986 27.2 459.9 36.4 450.6 70.6 484.4 61.4 493.7
P0706__1.0__0___0 0.986 582.3 378.2 572.9 367.6 601.4 342.5 610.7 353.1
P0706__1.0__0___0 0.986 675.8 619.6 666.7 610.0 693.3 584.8 702.4 594.5
P0706__1.0__0___0 0.986 735.4 682.7 725.3 674.8 749.8 643.3 759.9 651.2
P0706__1.0__0___0 0.985 710.0 228.9 701.8 221.0 722.3 199.6 730.5 207.5
P0706__1.0__0___0 0.985 232.0 651.0 222.2 644.0 243.3 614.7 253.1 621.7
P0706__1.0__0___0 0.985 415.3 602.3 407.2 593.0 430.4 573.1 438.5 582.5
P0706__1.0__0___0 0.984 357.2 778.4 348.1 770.0 372.9 743.1 382.0 751.5
P0706__1.0__0___0 0.984 710.8 748.5 700.3 739.4 727.8 707.8 738.3 717.0
P0706__1.0__0___0 0.984 404.1 441.4 393.5 430.4 425.9 399.2 436.5 410.2
P0706__1.0__0___0 0.983 152.6 572.2 141.8 564.1 162.9 536.0 173.6 544.1
P0706__1.0__0___0 0.983 744.5 690.9 734.8 683.1 759.1 652.8 768.8 660.6
P0706__1.0__0___0 0.983 557.7 149.6 549.1 140.5 575.2 115.9 583.8 125.0
P0706__1.0__0___0 0.982 489.1 3.6 500.8 -6.9 530.2 25.9 518.4 36.4
P0706__1.0__0___0 0.982 532.4 475.1 521.7 466.3 546.8 436.1 557.4 444.9
P0706__1.0__0___0 0.982 646.3 594.5 635.6 586.4 659.6 554.7 670.3 562.7
P0706__1.0__0___0 0.982 420.4 365.5 411.2 356.9 436.6 329.9 445.7 338.5
P0706__1.0__0___0 0.981 592.7 779.7 584.2 770.9 612.4 743.6 620.8 752.3
P0706__1.0__0___0 0.981 647.0 360.8 638.1 352.4 660.3 328.8 669.2 337.2
P0706__1.0__0___0 0.980 463.9 505.0 453.5 494.7 481.4 466.4 491.9 476.8
P0706__1.0__0___0 0.980 261.1 780.5 250.3 769.4 283.1 737.5 293.9 748.6
P0706__1.0__0___0 0.980 164.4 580.1 153.5 571.1 184.0 534.1 194.9 543.1
P0706__1.0__0___0 0.979 86.5 812.3 74.5 801.0 97.4 776.7 109.4 788.0
P0706__1.0__0___0 0.979 632.6 152.0 626.1 142.6 649.3 126.7 655.7 136.0
P0706__1.0__0___0 0.979 580.9 154.5 574.4 146.7 591.5 132.4 598.1 140.2
P0706__1.0__0___0 0.978 599.5 539.2 592.0 530.2 616.3 509.9 623.8 518.9
P0706__1.0__0___0 0.978 441.0 52.8 452.6 44.6 479.2 82.1 467.6 90.3
P0706__1.0__0___0 0.977 490.5 433.4 481.1 423.5 508.4 397.2 517.9 407.1
P0706__1.0__0___0 0.977 547.7 575.5 537.5 567.3 559.2 540.3 569.4 548.5
P0706__1.0__0___0 0.977 392.4 415.3 382.2 405.6 407.0 379.9 417.1 389.7
P0706__1.0__0___0 0.977 498.5 526.1 488.8 516.8 514.4 490.4 524.0 499.7
P0706__1.0__0___0 0.976 222.3 640.1 212.4 631.4 239.7 600.1 249.6 608.8
P0706__1.0__0___0 0.976 259.3 523.0 249.6 511.7 280.0 485.7 289.6 497.1
P0706__1.0__0___0 0.976 301.0 481.2 291.3 470.5 321.2 443.3 330.9 454.0
P0706__1.0__0___0 0.975 287.6 711.9 277.1 702.0 307.2 670.2 317.7 680.2
P0706__1.0__0___0 0.975 672.9 468.4 663.4 458.6 689.1 433.3 698.7 443.0
P0706__1.0__0___0 0.972 373.2 113.1 385.4 101.6 423.3 141.9 411.0 153.4
P0706__1.0__0___0 0.972 385.4 654.1 375.6 644.8 401.0 617.9 410.9 627.2
P0706__1.0__0___0 0.972 333.9 159.3 345.1 148.2 379.2 182.6 367.9 193.7
P0706__1.0__0___0 0.971 498.6 209.4 490.3 200.7 515.4 176.8 523.6 185.5
P0706__1.0__0___0 0.971 602.6 120.3 595.4 111.3 618.5 93.1 625.6 102.1
P0706__1.0__0___0 0.971 687.8 207.2 679.2 199.5 699.3 177.2 707.9 184.9
P0706__1.0__0___0 0.970 767.8 292.7 759.9 283.3 784.1 262.9 791.9 272.3
P0706__1.0__0___0 0.969 436.3 619.3 427.5 609.3 454.7 585.2 463.6 595.2
P0706__1.0__0___0 0.969 548.1 259.3 539.1 251.7 559.7 227.1 568.7 234.7
P0706__1.0__0___0 0.967 511.6 -0.6 520.7 -8.2 539.0 13.6 529.9 21.2
P0706__1.0__0___0 0.966 237.8 761.1 225.6 751.0 259.1 710.7 271.3 720.8
P0706__1.0__0___0 0.966 388.0 102.1 398.6 93.0 427.5 126.7 416.9 135.8
P0706__1.0__0___0 0.966 274.9 548.4 264.5 536.6 297.2 507.6 307.7 519.4
P0706__1.0__0___0 0.965 181.0 600.0 171.4 589.9 200.1 562.6 209.7 572.7
P0706__1.0__0___0 0.964 572.6 760.9 563.7 752.5 588.8 725.9 597.7 734.3
P0706__1.0__0___0 0.964 119.5 630.4 107.6 618.2 140.9 585.7 152.8 597.9
P0706__1.0__0___0 0.963 541.4 1.8 549.8 -6.9 565.8 8.7 557.3 17.3
P0706__1.0__0___0 0.963 661.7 377.7 652.7 368.4 677.9 344.0 687.0 353.3
P0706__1.0__0___0 0.960 406.6 808.0 396.9 799.7 413.5 780.5 423.1 788.8
P0706__1.0__0___0 0.960 -15.8 514.4 -3.0 503.5 27.2 538.8 14.4 549.7
P0706__1.0__0___0 0.960 776.1 365.9 767.2 357.5 787.5 336.1 796.3 344.6
P0706__1.0__0___0 0.960 240.2 660.6 228.9 652.1 253.4 619.3 264.7 627.8
P0706__1.0__0___0 0.959 476.0 14.0 488.5 2.6 525.9 43.6 513.5 55.0
P0706__1.0__0___0 0.958 345.6 357.6 338.1 347.7 361.9 329.7 369.3 339.6
P0706__1.0__0___0 0.957 458.6 407.3 449.1 398.7 473.1 372.2 482.6 380.8
P0706__1.0__0___0 0.957 628.8 574.6 618.7 566.9 639.5 539.8 649.6 547.5
P0706__1.0__0___0 0.956 452.3 42.2 465.6 30.5 506.0 76.4 492.7 88.1
P0706__1.0__0___0 0.955 571.7 285.1 563.9 276.5 586.8 256.0 594.6 264.6
P0706__1.0__0___0 0.955 218.2 482.7 209.7 472.8 238.3 448.3 246.9 458.3
P0706__1.0__0___0 0.954 529.1 556.2 518.9 547.1 543.9 519.1 554.1 528.1
P0706__1.0__0___0 0.954 743.9 533.9 733.6 524.6 757.7 497.8 768.1 507.1
P0706__1.0__0___0 0.953 249.8 513.0 240.5 503.3 269.0 476.1 278.3 485.8
P0706__1.0__0___0 0.953 723.9 247.2 716.0 239.1 738.9 217.0 746.7 225.0
P0706__1.0__0___0 0.951 626.7 806.3 617.6 797.4 640.9 773.4 650.0 782.3
P0706__1.0__0___0 0.951 720.7 674.0 711.5 665.3 735.4 640.2 744.6 648.9
P0706__1.0__0___0 0.950 106.6 375.9 118.6 362.6 155.6 396.1 143.5 409.4
P0706__1.0__0___0 0.949 790.8 382.3 781.4 374.5 795.9 356.9 805.4 364.8
P0706__1.0__0___0 0.948 564.7 597.4 554.4 588.4 581.6 557.3 591.9 566.2
P0706__1.0__0___0 0.948 615.8 133.7 609.2 124.5 634.1 107.0 640.6 116.2
P0706__1.0__0___0 0.947 456.2 250.4 447.6 240.2 477.9 214.5 486.5 224.6
P0706__1.0__0___0 0.947 330.4 593.1 319.7 583.7 344.4 555.7 355.1 565.2
P0706__1.0__0___0 0.945 693.8 646.9 683.9 637.6 713.3 606.4 723.1 615.6
P0706__1.0__0___0 0.943 246.2 243.2 255.5 232.9 285.3 259.8 275.9 270.1
P0706__1.0__0___0 0.941 323.0 170.6 335.2 159.3 368.7 195.4 356.5 206.7
P0706__1.0__0___0 0.939 283.7 464.4 274.1 454.8 300.8 428.3 310.4 438.0
P0706__1.0__0___0 0.939 727.6 443.5 719.5 434.1 744.2 412.7 752.3 422.1
P0706__1.0__0___0 0.939 757.8 713.3 748.6 703.6 779.8 673.9 789.0 683.6
P0706__1.0__0___0 0.938 54.2 800.6 43.4 790.6 76.0 755.6 86.8 765.6
P0706__1.0__0___0 0.937 732.6 152.1 725.1 143.8 748.3 122.7 755.8 131.0
P0706__1.0__0___0 0.936 264.8 443.0 255.1 432.4 289.7 400.6 299.4 411.1
P0706__1.0__0___0 0.935 611.4 645.3 602.6 635.0 631.8 609.8 640.7 620.0
P0706__1.0__0___0 0.934 720.1 435.4 711.5 427.8 733.4 403.0 742.0 410.6
P0706__1.0__0___0 0.933 589.1 533.7 578.8 524.6 603.1 497.1 613.4 506.2
P0706__1.0__0___0 0.933 504.6 770.7 495.2 761.1 522.1 734.7 531.5 744.2
P0706__1.0__0___0 0.931 655.7 176.4 647.5 168.4 668.9 146.5 677.1 154.5
P0706__1.0__0___0 0.929 624.0 144.8 617.3 136.7 638.4 119.5 645.0 127.6
P0706__1.0__0___0 0.927 364.3 126.7 377.4 114.9 418.7 160.8 405.6 172.6
P0706__1.0__0___0 0.926 208.2 726.5 195.4 718.1 220.9 679.1 233.7 687.5
P0706__1.0__0___0 0.925 613.7 798.7 604.2 790.2 627.9 763.7 637.4 772.2
P0706__1.0__0___0 0.921 402.4 345.6 393.2 336.6 421.7 307.5 430.9 316.5
P0706__1.0__0___0 0.919 509.3 688.3 499.3 680.0 523.9 650.4 533.9 658.7
P0706__1.0__0___0 0.918 511.9 227.2 503.7 218.5 529.2 194.5 537.4 203.2
P0706__1.0__0___0 0.911 185.2 299.0 196.3 288.6 230.6 325.1 219.5 335.5
P0706__1.0__0___0 0.911 784.2 503.8 775.5 495.4 798.3 471.8 807.0 480.2
P0706__1.0__0___0 0.909 775.3 300.7 767.4 291.5 793.8 269.0 801.7 278.3
P0706__1.0__0___0 0.907 119.6 362.4 131.2 351.1 163.0 384.0 151.4 395.2
P0706__1.0__0___0 0.905 755.7 276.7 747.2 268.3 768.3 246.5 776.9 254.8
P0706__1.0__0___0 0.899 2.5 480.3 13.2 470.0 52.9 511.0 42.2 521.3
P0706__1.0__0___0 0.897 465.2 31.0 477.1 19.3 510.2 53.0 498.4 64.6
P0706__1.0__0___0 0.888 309.2 178.8 319.4 169.2 352.6 204.7 342.3 214.3
P0706__1.0__0___0 0.880 127.5 350.7 138.1 337.1 177.7 368.1 167.0 381.7
P0706__1.0__0___0 0.876 287.8 798.0 276.7 786.7 307.7 756.4 318.8 767.7
P0706__1.0__0___0 0.876 -6.9 495.2 6.4 484.4 45.9 533.2 32.6 543.9
P0706__1.0__0___0 0.876 200.4 286.7 214.5 276.5 245.1 318.8 231.1 329.0
P0706__1.0__0___0 0.876 529.3 240.9 521.9 232.5 546.4 211.2 553.7 219.7
P0706__1.0__0___0 0.873 776.0 581.0 767.1 572.1 796.8 542.3 805.8 551.2
P0706__1.0__0___0 0.873 612.7 327.2 603.2 317.9 629.6 291.2 639.1 300.5
P0706__1.0__0___0 0.864 604.2 616.1 594.7 608.6 612.3 586.1 621.9 593.6
P0706__1.0__0___0 0.863 116.0 510.7 105.2 498.1 142.7 466.0 153.5 478.6
P0706__1.0__0___0 0.861 176.3 708.9 164.4 697.5 204.7 655.2 216.7 666.7
P0706__1.0__0___0 0.858 286.0 200.3 296.0 191.2 323.9 222.2 313.9 231.2
P0706__1.0__0___0 0.856 207.8 633.1 198.2 625.3 217.9 601.3 227.5 609.1
P0706__1.0__0___0 0.856 169.8 690.8 159.0 680.6 185.3 652.8 196.1 663.0
P0706__1.0__0___0 0.856 791.3 585.9 783.4 578.1 797.5 563.8 805.4 571.6
P0706__1.0__0___0 0.854 792.4 209.0 785.3 201.6 800.4 187.1 807.5 194.5
P0706__1.0__0___0 0.851 209.2 274.2 220.6 261.7 254.7 292.8 243.3 305.3
P0706__1.0__0___0 0.838 752.6 468.9 744.3 461.4 765.1 438.6 773.4 446.1
P0706__1.0__0___0 0.837 346.0 143.2 357.0 133.9 386.7 169.2 375.7 178.4
P0706__1.0__0___0 0.820 622.2 19.8 614.6 13.0 626.5 -0.3 634.2 6.5
P0706__1.0__0___0 0.818 413.4 81.6 426.3 68.6 460.0 102.1 447.1 115.1
P0706__1.0__0___0 0.813 298.2 191.1 308.8 181.0 342.5 216.4 331.9 226.5
P0706__1.0__0___0 0.811 774.5 491.6 767.1 483.5 791.3 461.3 798.8 469.4
P0706__1.0__0___0 0.804 38.9 446.8 49.7 435.2 85.0 468.2 74.2 479.7
P0706__1.0__0___0 0.800 268.6 216.0 278.6 208.0 302.4 237.5 292.4 245.5
P2709__1.0__1800___1614 0.996 595.8 446.0 565.0 429.6 648.0 274.2 678.8 290.7
P2709__1.0__1800___1614 0.976 571.8 421.3 542.4 406.3 613.0 268.4 642.4 283.5
P2709__1.0__1800___1614 0.943 701.5 201.0 650.5 176.7 745.0 -21.1 796.0 3.2
P2709__1.0__1800___1614 0.867 603.1 436.1 546.3 412.7 611.7 254.4 668.5 277.9
P2709__1.0__2190___1200 0.996 236.7 808.6 206.6 792.9 257.6 695.3 287.6 711.0
P2709__1.0__2190___1200 0.992 311.0 620.8 258.6 596.2 399.6 296.7 452.0 321.3
P2709__1.0__2190___1200 0.982 457.9 274.9 423.8 260.0 515.1 50.1 549.2 64.9
P0706__1.0__311___0 0.999 324.7 429.8 314.0 421.3 336.4 393.1 347.1 401.6
P0706__1.0__311___0 0.998 303.6 412.9 292.5 403.7 317.9 373.0 329.0 382.1
P0706__1.0__311___0 0.998 305.2 209.6 296.5 201.3 318.2 178.4 327.0 186.7
P0706__1.0__311___0 0.998 118.8 376.5 109.6 366.8 136.4 341.4 145.6 351.1
P0706__1.0__311___0 0.997 156.2 654.0 146.7 645.8 170.0 618.7 179.5 626.9
P0706__1.0__311___0 0.997 194.5 302.0 185.0 291.7 213.3 265.8 222.7 276.2
P0706__1.0__311___0 0.997 292.2 402.3 282.2 393.9 306.1 365.7 316.1 374.2
P0706__1.0__311___0 0.997 28.8 759.9 19.6 750.9 47.1 722.4 56.4 731.4
P0706__1.0__311___0 0.996 493.8 612.4 483.4 602.2 513.3 571.7 523.8 581.9
P0706__1.0__311___0 0.996 334.0 441.1 323.5 432.4 347.6 403.5 358.1 412.2
P0706__1.0__311___0 0.996 141.5 396.1 130.3 388.4 152.6 356.2 163.8 364.0
P0706__1.0__311___0 0.996 380.6 721.8 371.5 711.9 397.5 688.3 406.5 698.2
P0706__1.0__311___0 0.996 251.6 748.5 243.0 738.7 274.9 710.5 283.6 720.2
P0706__1.0__311___0 0.996 390.7 738.3 379.3 728.9 406.8 695.3 418.3 704.7
P0706__1.0__311___0 0.995 146.7 641.6 137.1 632.2 163.9 604.8 173.5 614.2
P0706__1.0__311___0 0.995 572.8 472.9 563.4 464.9 582.9 442.0 592.3 450.0
P0706__1.0__311___0 0.995 69.5 564.0 57.7 554.5 83.0 522.9 94.8 532.3
P0706__1.0__311___0 0.994 322.9 228.4 312.9 217.9 338.3 193.5 348.4 204.0
P0706__1.0__311___0 0.994 422.7 682.9 413.0 674.8 439.5 643.4 449.1 651.5
P0706__1.0__311___0 0.994 222.7 722.3 213.0 712.8 240.2 684.9 249.9 694.4
P0706__1.0__311___0 0.994 92.9 441.3 82.3 430.3 114.6 399.2 125.2 410.2
P0706__1.0__311___0 0.994 34.6 613.8 25.4 603.7 52.9 578.5 62.1 588.7
P0706__1.0__311___0 0.994 366.3 397.5 357.0 388.8 382.7 361.8 391.9 370.6
P0706__1.0__311___0 0.993 271.5 770.5 262.8 760.7 290.7 735.9 299.4 745.7
P0706__1.0__311___0 0.993 125.8 619.8 116.9 610.5 143.3 585.4 152.1 594.6
P0706__1.0__311___0 0.993 392.5 416.2 384.0 407.4 407.6 384.5 416.1 393.3
P0706__1.0__311___0 0.993 465.0 366.7 455.0 358.4 475.1 334.2 485.1 342.5
P0706__1.0__311___0 0.992 481.1 587.4 471.1 579.3 493.6 552.0 503.5 560.1
P0706__1.0__311___0 0.992 392.1 505.3 381.0 497.4 403.7 465.3 414.8 473.2
P0706__1.0__311___0 0.992 174.9 281.4 165.7 271.7 193.9 245.0 203.1 254.8
P0706__1.0__311___0 0.991 500.4 406.8 492.8 396.8 518.5 377.4 526.1 387.4
P0706__1.0__311___0 0.991 362.5 273.9 351.4 265.1 374.2 236.5 385.3 245.4
P0706__1.0__311___0 0.991 563.5 593.6 555.5 585.0 580.2 562.1 588.2 570.7
P0706__1.0__311___0 0.991 370.6 483.4 359.9 473.4 387.6 443.8 398.3 453.8
P0706__1.0__311___0 0.991 589.2 423.9 581.5 415.2 605.5 394.2 613.2 402.9
P0706__1.0__311___0 0.990 517.1 420.7 508.8 411.8 531.2 391.0 539.5 399.9
P0706__1.0__311___0 0.990 222.4 474.8 212.1 466.6 236.7 435.9 247.0 444.2
P0706__1.0__311___0 0.990 233.6 732.7 224.1 721.8 255.1 694.7 264.6 705.6
P0706__1.0__311___0 0.990 473.0 503.4 465.0 495.4 488.3 472.0 496.2 480.0
P0706__1.0__311___0 0.990 272.6 378.1 263.3 368.2 290.7 342.8 300.0 352.7
P0706__1.0__311___0 0.990 21.6 515.4 11.1 504.7 43.9 472.4 54.4 483.1
P0706__1.0__311___0 0.990 455.9 181.2 447.6 174.0 466.4 152.5 474.7 159.8
P0706__1.0__311___0 0.989 220.9 802.6 210.2 791.3 238.2 764.6 248.9 775.8
P0706__1.0__311___0 0.989 59.4 397.7 49.3 388.9 73.7 361.1 83.8 369.9
P0706__1.0__311___0 0.989 85.1 426.6 76.1 416.3 105.6 390.7 114.5 401.0
P0706__1.0__311___0 0.989 98.3 591.7 89.5 582.8 117.7 555.0 126.5 563.9
P0706__1.0__311___0 0.988 373.9 634.7 364.2 624.8 390.7 598.7 400.5 608.6
P0706__1.0__311___0 0.988 38.5 533.9 29.4 525.2 53.1 500.3 62.2 509.0
P0706__1.0__311___0 0.988 604.9 437.0 597.2 428.8 617.7 409.6 625.3 417.9
P0706__1.0__311___0 0.988 365.1 621.0 355.3 611.6 381.4 584.3 391.2 593.6
P0706__1.0__311___0 0.988 184.5 678.9 174.8 670.5 198.0 643.9 207.7 652.4
P0706__1.0__311___0 0.988 336.8 682.3 329.2 670.4 360.3 650.5 367.9 662.3
P0706__1.0__311___0 0.988 274.5 169.5 266.4 160.6 287.2 142.0 295.2 150.9
P0706__1.0__311___0 0.988 515.5 629.6 506.2 620.2 534.6 592.1 544.0 601.5
P0706__1.0__311___0 0.987 336.4 361.4 326.9 352.9 348.9 328.4 358.3 336.8
P0706__1.0__311___0 0.987 208.0 795.4 197.0 784.5 226.5 754.7 237.5 765.6
P0706__1.0__311___0 0.987 246.7 150.5 237.4 141.0 264.2 114.9 273.5 124.4
P0706__1.0__311___0 0.987 399.6 749.0 389.0 740.1 415.4 708.4 426.1 717.3
P0706__1.0__311___0 0.987 24.8 159.2 35.9 148.6 68.6 183.0 57.5 193.6
P0706__1.0__311___0 0.986 431.9 334.3 421.6 326.5 442.2 299.6 452.5 307.5
P0706__1.0__311___0 0.986 348.3 694.6 340.5 685.2 368.1 662.4 375.9 671.9
P0706__1.0__311___0 0.986 674.8 413.6 667.7 404.2 693.0 384.9 700.1 394.2
P0706__1.0__311___0 0.985 47.3 778.0 37.7 769.1 61.9 742.9 71.5 751.8
P0706__1.0__311___0 0.985 187.8 209.9 179.4 201.6 204.0 176.6 212.4 185.0
P0706__1.0__311___0 0.985 484.9 508.7 477.0 500.4 501.3 477.3 509.2 485.6
P0706__1.0__311___0 0.985 207.2 312.1 196.8 303.6 219.3 276.1 229.7 284.7
P0706__1.0__311___0 0.985 53.9 633.2 44.3 622.8 72.5 596.8 82.1 607.2
P0706__1.0__311___0 0.984 291.0 120.6 283.3 110.6 307.5 92.2 315.1 102.2
P0706__1.0__311___0 0.984 157.8 745.7 148.4 736.3 175.2 709.6 184.5 719.0
P0706__1.0__311___0 0.984 158.1 418.7 147.9 409.1 177.5 377.6 187.8 387.3
P0706__1.0__311___0 0.984 89.3 583.7 79.3 574.1 106.4 545.8 116.5 555.5
P0706__1.0__311___0 0.984 186.8 287.9 177.8 277.9 205.4 253.0 214.4 263.0
P0706__1.0__311___0 0.984 398.0 229.2 389.9 221.0 411.6 199.2 419.8 207.3
P0706__1.0__311___0 0.983 81.0 415.7 71.0 405.7 96.4 380.3 106.4 390.2
P0706__1.0__311___0 0.983 195.5 454.8 186.5 444.4 215.5 419.3 224.5 429.7
P0706__1.0__311___0 0.983 179.1 433.5 169.4 423.2 197.0 397.0 206.7 407.2
P0706__1.0__311___0 0.983 568.4 308.2 560.9 298.4 588.6 277.3 596.1 287.2
P0706__1.0__311___0 0.983 107.9 366.0 98.9 356.8 126.6 329.7 135.6 338.9
P0706__1.0__311___0 0.982 141.2 492.8 131.3 483.2 162.0 451.8 171.9 461.5
P0706__1.0__311___0 0.982 290.6 632.1 282.7 622.9 310.3 599.5 318.1 608.7
P0706__1.0__311___0 0.982 310.6 337.0 301.8 328.2 326.4 303.9 335.2 312.7
P0706__1.0__311___0 0.982 48.4 543.1 39.2 533.0 68.9 506.2 78.1 516.4
P0706__1.0__311___0 0.981 407.8 519.3 398.7 509.9 425.6 483.8 434.7 493.2
P0706__1.0__311___0 0.981 213.8 712.3 203.7 702.3 233.5 672.5 243.5 682.4
P0706__1.0__311___0 0.981 229.4 0.3 237.6 -7.7 254.2 9.1 246.0 17.2
P0706__1.0__311___0 0.981 260.8 762.4 251.4 753.9 276.6 726.5 285.9 735.0
P0706__1.0__311___0 0.981 417.0 443.0 409.4 433.8 433.3 413.8 441.0 422.9
P0706__1.0__311___0 0.981 78.3 570.5 68.8 560.6 101.9 529.3 111.4 539.2
P0706__1.0__311___0 0.981 272.5 617.7 262.9 608.7 289.5 580.5 299.1 589.6
P0706__1.0__311___0 0.981 264.7 604.5 255.3 595.3 283.0 567.1 292.4 576.4
P0706__1.0__311___0 0.981 526.2 363.9 517.8 355.2 540.3 333.5 548.6 342.1
P0706__1.0__311___0 0.979 0.5 571.0 -10.5 560.0 14.5 534.9 25.5 545.9
P0706__1.0__311___0 0.978 27.6 605.2 17.3 596.1 43.8 566.2 54.1 575.3
P0706__1.0__311___0 0.978 625.1 463.5 616.5 455.0 639.9 431.5 648.5 440.1
P0706__1.0__311___0 0.977 579.1 416.8 571.2 407.7 594.2 388.1 602.0 397.2
P0706__1.0__311___0 0.976 465.5 581.8 456.3 572.9 484.2 544.3 493.3 553.2
P0706__1.0__311___0 0.976 362.9 467.6 353.0 458.0 378.7 431.4 388.6 441.0
P0706__1.0__311___0 0.976 237.5 574.5 227.3 566.2 250.0 538.4 260.2 546.7
P0706__1.0__311___0 0.976 95.5 807.4 86.5 799.4 102.1 781.7 111.1 789.7
P0706__1.0__311___0 0.976 65.5 801.1 55.0 792.4 81.1 761.0 91.6 769.7
P0706__1.0__311___0 0.974 351.7 377.9 342.6 369.4 366.6 343.7 375.7 352.2
P0706__1.0__311___0 0.974 593.9 501.9 584.7 494.1 607.2 467.7 616.4 475.5
P0706__1.0__311___0 0.973 426.9 160.8 419.9 153.5 443.3 131.1 450.3 138.4
P0706__1.0__311___0 0.973 555.2 393.6 547.8 386.0 569.0 365.5 576.4 373.2
P0706__1.0__311___0 0.972 118.0 62.9 129.6 54.0 157.9 90.7 146.3 99.7
P0706__1.0__311___0 0.972 448.4 476.9 440.4 469.5 460.4 447.6 468.4 455.0
P0706__1.0__311___0 0.972 81.6 335.0 72.7 326.6 98.9 298.4 107.9 306.8
P0706__1.0__311___0 0.972 315.3 806.5 306.1 798.1 329.2 773.0 338.3 781.4
P0706__1.0__311___0 0.971 197.4 690.1 186.0 680.5 211.3 650.5 222.7 660.0
P0706__1.0__311___0 0.971 164.2 14.1 175.5 3.4 214.9 44.6 203.6 55.4
P0706__1.0__311___0 0.971 178.1 2.8 189.0 -6.7 218.4 26.8 207.5 36.3
P0706__1.0__311___0 0.971 401.1 430.3 391.2 422.2 413.8 394.7 423.7 402.9
P0706__1.0__311___0 0.970 647.4 385.0 638.6 377.0 660.5 352.8 669.3 360.7
P0706__1.0__311___0 0.970 402.1 665.4 392.6 657.1 415.6 630.9 425.1 639.1
P0706__1.0__311___0 0.970 194.5 771.8 184.3 762.8 208.5 735.4 218.7 744.3
P0706__1.0__311___0 0.970 666.7 395.9 658.0 387.5 676.8 367.8 685.6 376.2
P0706__1.0__311___0 0.970 254.3 595.6 244.5 586.3 271.8 557.5 281.6 566.7
P0706__1.0__311___0 0.969 540.2 567.9 531.9 560.7 551.8 537.5 560.1 544.7
P0706__1.0__311___0 0.969 83.1 91.6 93.5 79.8 133.5 115.3 123.1 127.0
P0706__1.0__311___0 0.968 300.3 645.2 291.5 635.0 320.5 609.8 329.3 620.1
P0706__1.0__311___0 0.968 322.3 152.8 315.3 143.3 338.3 126.4 345.3 135.9
P0706__1.0__311___0 0.968 75.4 653.5 65.4 644.4 89.9 617.6 99.8 626.7
P0706__1.0__311___0 0.967 67.1 327.5 58.2 318.5 88.0 289.4 96.9 298.4
P0706__1.0__311___0 0.966 142.4 42.6 155.4 31.2 194.1 75.5 181.0 86.8
P0706__1.0__311___0 0.966 34.6 358.1 27.0 348.3 51.0 329.6 58.6 339.3
P0706__1.0__311___0 0.965 549.4 384.2 541.2 376.1 562.4 354.6 570.6 362.6
P0706__1.0__311___0 0.964 335.9 593.2 325.7 585.3 349.6 554.0 359.9 561.8
P0706__1.0__311___0 0.964 459.2 565.7 450.0 556.8 476.6 529.5 485.8 538.5
P0706__1.0__311___0 0.963 72.1 406.1 61.0 397.3 83.9 368.5 95.0 377.4
P0706__1.0__311___0 0.962 516.5 542.5 508.3 535.3 528.7 512.1 536.8 519.3
P0706__1.0__311___0 0.962 12.2 171.5 24.0 160.4 57.3 195.6 45.5 206.8
P0706__1.0__311___0 0.962 260.5 285.6 252.5 277.2 274.0 256.7 282.0 265.1
P0706__1.0__311___0 0.962 287.7 539.0 280.7 530.2 305.9 510.1 312.9 518.9
P0706__1.0__311___0 0.962 679.2 515.9 671.5 508.6 690.6 488.3 698.3 495.6
P0706__1.0__311___0 0.961 38.3 378.0 28.8 368.1 58.1 340.2 67.5 350.1
P0706__1.0__311___0 0.961 150.8 503.9 141.9 493.5 170.7 469.0 179.6 479.4
P0706__1.0__311___0 0.961 237.1 259.4 228.0 252.0 248.7 226.4 257.8 233.8
P0706__1.0__311___0 0.960 506.3 535.8 497.2 528.5 516.8 504.0 525.9 511.4
P0706__1.0__311___0 0.960 226.2 331.3 215.9 323.1 238.2 295.1 248.5 303.3
P0706__1.0__311___0 0.959 415.7 245.9 407.9 238.1 428.8 216.9 436.7 224.7
P0706__1.0__311___0 0.959 281.4 779.2 273.3 770.6 301.0 744.6 309.1 753.2
P0706__1.0__311___0 0.959 382.4 647.1 372.3 637.5 403.0 605.5 413.1 615.1
P0706__1.0__311___0 0.958 103.4 602.6 95.1 592.5 119.3 572.8 127.6 582.9
P0706__1.0__311___0 0.958 227.9 566.7 218.0 558.6 239.7 532.1 249.6 540.2
P0706__1.0__311___0 0.956 98.9 355.9 89.4 346.4 118.6 317.2 128.1 326.7
P0706__1.0__311___0 0.956 129.4 52.6 141.0 44.3 168.3 82.3 156.7 90.6
P0706__1.0__311___0 0.955 53.3 127.4 66.2 115.6 108.1 161.5 95.2 173.2
P0706__1.0__311___0 0.955 -12.2 190.2 -0.9 180.8 30.2 217.9 18.9 227.3
P0706__1.0__311___0 0.955 201.2 -0.2 210.4 -7.6 227.0 12.8 217.9 20.2
P0706__1.0__311___0 0.954 19.6 591.2 9.8 581.8 35.5 555.0 45.3 564.4
P0706__1.0__311___0 0.954 305.9 135.2 298.6 126.4 322.3 106.5 329.6 115.3
P0706__1.0__311___0 0.954 332.3 667.5 323.7 658.2 347.1 636.6 355.7 645.9
P0706__1.0__311___0 0.953 239.3 492.9 229.3 484.1 252.5 458.0 262.5 466.8
P0706__1.0__311___0 0.953 293.7 615.7 284.1 607.9 301.6 586.5 311.2 594.3
P0706__1.0__311___0 0.953 1.7 707.5 -7.8 697.7 9.1 681.5 18.6 691.3
P0706__1.0__311___0 0.951 344.3 176.1 336.4 167.6 359.5 146.2 367.4 154.7
P0706__1.0__311___0 0.951 341.9 602.7 332.7 593.1 360.6 566.4 369.8 576.1
P0706__1.0__311___0 0.949 155.4 31.7 167.4 19.7 200.4 52.6 188.4 64.6
P0706__1.0__311___0 0.948 434.4 690.4 424.9 683.1 448.4 652.7 457.9 660.1
P0706__1.0__311___0 0.948 304.2 325.5 295.3 316.7 318.7 292.8 327.7 301.6
P0706__1.0__311___0 0.947 188.0 526.4 178.3 517.5 203.2 490.2 212.9 499.0
P0706__1.0__311___0 0.947 479.3 317.6 470.9 308.8 494.6 286.3 503.0 295.1
P0706__1.0__311___0 0.947 77.6 101.6 88.3 93.0 115.7 126.7 104.9 135.4
P0706__1.0__311___0 0.947 303.9 798.0 294.8 790.1 318.2 763.0 327.3 770.9
P0706__1.0__311___0 0.947 650.3 556.8 643.3 549.0 666.3 528.6 673.3 536.4
P0706__1.0__311___0 0.945 574.6 538.9 582.0 530.1 604.8 549.5 597.4 558.2
P0706__1.0__311___0 0.944 610.8 513.6 602.7 505.9 622.3 485.1 630.4 492.8
P0706__1.0__311___0 0.943 219.8 556.5 209.1 548.1 232.0 519.1 242.6 527.5
P0706__1.0__311___0 0.943 149.3 408.3 138.3 399.4 161.8 370.3 172.8 379.2
P0706__1.0__311___0 0.936 410.0 674.0 400.9 665.3 424.3 641.1 433.3 649.9
P0706__1.0__311___0 0.936 588.5 619.1 580.3 611.5 603.1 587.2 611.2 594.8
P0706__1.0__311___0 0.931 544.1 448.1 534.8 438.3 559.8 414.8 569.1 424.6
P0706__1.0__311___0 0.926 277.3 301.9 268.8 293.3 292.9 269.3 301.4 277.9
P0706__1.0__311___0 0.925 448.1 712.1 438.3 702.1 468.9 672.3 478.6 682.3
P0706__1.0__311___0 0.921 286.8 312.0 278.3 304.2 299.4 281.0 307.9 288.8
P0706__1.0__311___0 0.911 145.0 249.6 137.0 240.0 166.3 215.8 174.2 225.4
P0706__1.0__311___0 0.907 318.5 574.8 307.7 566.5 327.9 540.0 338.7 548.2
P0706__1.0__311___0 0.906 65.7 642.6 56.3 632.8 82.7 607.5 92.1 617.3
P0706__1.0__311___0 0.905 0.6 491.7 -7.6 482.4 19.4 458.6 27.6 467.9
P0706__1.0__311___0 0.901 63.5 112.0 75.6 101.2 112.2 142.5 100.0 153.3
P0706__1.0__311___0 0.898 478.5 741.6 470.6 734.1 496.7 706.7 504.6 714.3
P0706__1.0__311___0 0.892 420.2 151.4 413.4 144.1 436.8 122.5 443.5 129.9
P0706__1.0__311___0 0.891 521.4 552.4 513.8 544.1 535.5 524.3 543.1 532.6
P0706__1.0__311___0 0.889 -2.0 178.1 7.9 168.9 41.0 204.7 31.1 213.8
P0706__1.0__311___0 0.888 79.5 803.6 70.5 796.0 90.6 771.9 99.7 779.5
P0706__1.0__311___0 0.873 433.7 784.6 424.0 774.2 454.7 745.6 464.4 756.0
P0706__1.0__311___0 0.873 200.9 226.2 193.5 217.8 218.4 195.7 225.9 204.1
P0706__1.0__311___0 0.866 414.0 143.9 407.2 136.8 429.0 115.7 435.9 122.8
P0706__1.0__311___0 0.850 304.0 14.7 296.2 7.9 307.6 -5.0 315.3 1.8
P0706__1.0__311___0 0.848 743.2 485.2 734.3 476.7 757.3 452.7 766.2 461.1
P0706__1.0__311___0 0.844 444.0 277.3 435.5 268.3 458.6 246.3 467.2 255.3
P0706__1.0__311___0 0.835 34.5 142.4 44.6 133.9 74.6 169.6 64.4 178.1
P0706__1.0__311___0 0.835 269.5 155.1 262.3 147.3 279.5 131.6 286.7 139.3
P0706__1.0__311___0 0.834 102.6 80.6 116.3 67.9 147.2 101.3 133.5 114.0
P0706__1.0__311___0 0.828 233.9 343.2 223.0 334.7 247.1 303.7 258.0 312.2
P0706__1.0__311___0 0.810 493.2 396.9 485.2 387.9 508.4 367.3 516.4 376.2
P1234__1.0__1200___1200 0.991 145.9 485.4 133.1 467.8 198.6 420.3 211.3 437.9
P1234__1.0__1200___1200 0.961 462.7 425.2 482.9 409.0 536.9 476.3 516.6 492.5
P1234__1.0__1200___1200 0.956 472.4 414.1 491.9 397.0 551.4 465.0 531.8 482.1
P1234__1.0__1800___1800 0.962 81.9 -1.0 89.6 -9.9 108.8 6.6 101.1 15.6
P0706__1.0__0___382 0.999 644.8 59.3 633.8 49.8 659.3 20.0 670.3 29.5
P0706__1.0__0___382 0.998 634.6 49.0 624.1 40.6 647.2 11.9 657.7 20.3
P0706__1.0__0___382 0.997 702.2 356.1 690.4 346.3 719.0 311.7 730.9 321.5
P0706__1.0__0___382 0.997 416.8 456.2 406.0 447.0 432.0 416.6 442.7 425.7
P0706__1.0__0___382 0.996 347.4 232.5 338.1 223.2 363.2 197.8 372.5 207.1
P0706__1.0__0___382 0.996 467.0 272.1 457.4 263.9 480.4 236.8 490.0 244.9
P0706__1.0__0___382 0.996 303.4 198.0 292.0 186.9 323.4 154.4 334.8 165.4
P0706__1.0__0___382 0.996 582.4 390.8 573.0 381.6 600.7 353.6 610.0 362.8
P0706__1.0__0___382 0.996 682.3 101.5 670.9 91.6 698.9 59.2 710.3 69.1
P0706__1.0__0___382 0.995 587.4 477.4 578.7 467.0 607.4 443.2 616.1 453.7
P0706__1.0__0___382 0.995 660.2 312.6 652.2 303.3 679.0 280.5 686.9 289.7
P0706__1.0__0___382 0.995 691.4 340.1 682.4 329.7 709.4 306.3 718.4 316.8
P0706__1.0__0___382 0.994 414.8 69.8 404.3 58.9 435.4 28.9 445.9 39.8
P0706__1.0__0___382 0.994 396.2 44.8 387.0 35.1 416.0 7.7 425.2 17.4
P0706__1.0__0___382 0.994 544.8 350.5 535.4 339.7 565.8 313.3 575.2 324.1
P0706__1.0__0___382 0.994 510.4 72.9 500.1 64.0 524.8 35.6 535.1 44.5
P0706__1.0__0___382 0.994 329.8 732.3 317.2 720.9 363.0 670.1 375.7 681.5
P0706__1.0__0___382 0.993 564.5 365.3 555.8 355.6 586.2 328.3 595.0 338.0
P0706__1.0__0___382 0.993 757.7 480.4 768.5 470.8 796.9 502.4 786.1 512.1
P0706__1.0__0___382 0.993 718.5 137.6 709.3 127.8 737.1 101.8 746.3 111.7
P0706__1.0__0___382 0.993 404.4 57.5 394.5 47.0 426.6 16.9 436.5 27.5
P0706__1.0__0___382 0.993 451.3 111.3 440.8 100.5 473.5 69.1 483.9 79.9
P0706__1.0__0___382 0.993 611.9 30.0 602.3 20.6 628.5 -6.0 638.1 3.3
P0706__1.0__0___382 0.993 380.9 182.1 369.1 172.7 394.9 140.3 406.8 149.7
P0706__1.0__0___382 0.993 553.0 593.8 543.4 585.9 567.6 557.0 577.1 564.9
P0706__1.0__0___382 0.992 486.3 658.8 500.0 644.8 548.8 692.8 535.1 706.7
P0706__1.0__0___382 0.992 198.2 331.1 186.1 321.2 213.2 288.0 225.3 297.8
P0706__1.0__0___382 0.991 254.9 384.7 243.7 375.5 270.4 343.1 281.6 352.3
P0706__1.0__0___382 0.991 649.7 300.7 640.8 289.3 671.4 265.6 680.2 277.0
P0706__1.0__0___382 0.991 488.2 134.5 477.6 126.0 500.2 97.7 510.8 106.2
P0706__1.0__0___382 0.991 525.7 330.3 515.3 319.9 545.4 289.4 555.9 299.8
P0706__1.0__0___382 0.991 435.4 323.1 425.7 315.2 448.5 287.0 458.3 294.9
P0706__1.0__0___382 0.991 493.3 298.8 483.8 290.1 509.2 262.6 518.7 271.3
P0706__1.0__0___382 0.991 534.6 340.4 524.2 330.1 552.0 301.7 562.5 312.0
P0706__1.0__0___382 0.991 292.7 171.6 282.9 162.9 306.5 136.4 316.3 145.1
P0706__1.0__0___382 0.991 233.3 112.9 223.4 103.8 248.3 76.4 258.3 85.5
P0706__1.0__0___382 0.990 600.7 20.5 592.1 12.5 610.8 -7.8 619.5 0.2
P0706__1.0__0___382 0.990 150.2 283.7 139.2 272.4 173.2 239.4 184.2 250.7
P0706__1.0__0___382 0.990 380.6 517.5 370.7 505.7 403.5 478.3 413.3 490.1
P0706__1.0__0___382 0.990 676.6 238.8 667.3 229.9 692.2 203.9 701.5 212.8
P0706__1.0__0___382 0.989 465.1 123.2 454.5 113.6 481.1 84.1 491.7 93.7
P0706__1.0__0___382 0.989 357.9 393.7 349.1 384.5 373.5 361.2 382.3 370.4
P0706__1.0__0___382 0.989 404.4 544.6 392.1 533.3 423.1 499.6 435.4 510.9
P0706__1.0__0___382 0.989 342.6 779.6 333.6 764.0 386.5 733.3 395.5 748.9
P0706__1.0__0___382 0.988 703.9 34.7 694.9 25.2 719.2 2.0 728.2 11.6
P0706__1.0__0___382 0.988 231.5 268.5 221.7 261.2 243.2 232.7 253.0 240.1
P0706__1.0__0___382 0.988 539.6 586.8 529.2 577.0 559.1 545.3 569.5 555.1
P0706__1.0__0___382 0.988 567.0 460.3 558.0 450.9 585.1 425.1 594.1 434.5
P0706__1.0__0___382 0.988 366.8 252.9 356.2 244.0 379.3 216.5 389.9 225.4
P0706__1.0__0___382 0.988 454.0 499.0 442.5 489.9 466.0 460.3 477.5 469.4
P0706__1.0__0___382 0.987 489.6 53.1 479.3 42.8 507.2 14.9 517.5 25.2
P0706__1.0__0___382 0.987 338.7 377.3 329.6 367.7 357.3 341.2 366.4 350.7
P0706__1.0__0___382 0.987 703.8 121.9 692.3 113.4 717.0 79.8 728.5 88.3
P0706__1.0__0___382 0.985 331.2 134.6 320.2 123.3 353.7 90.7 364.7 102.0
P0706__1.0__0___382 0.985 415.9 220.9 407.2 212.1 429.4 190.2 438.0 199.0
P0706__1.0__0___382 0.985 314.4 717.2 305.6 708.2 335.4 678.8 344.2 687.8
P0706__1.0__0___382 0.985 469.1 362.0 460.5 352.5 485.8 329.9 494.4 339.4
P0706__1.0__0___382 0.985 151.8 189.8 141.4 181.7 162.6 154.6 173.0 162.7
P0706__1.0__0___382 0.983 528.9 576.6 519.2 567.6 544.2 540.6 553.9 549.6
P0706__1.0__0___382 0.983 224.2 257.9 213.9 249.8 238.9 217.8 249.3 225.9
P0706__1.0__0___382 0.983 673.8 86.3 663.9 77.0 689.2 50.1 699.1 59.4
P0706__1.0__0___382 0.983 289.0 329.8 278.5 320.6 305.8 289.2 316.3 298.4
P0706__1.0__0___382 0.983 437.3 238.6 428.0 229.4 453.5 203.4 462.8 212.6
P0706__1.0__0___382 0.983 734.4 301.0 724.6 292.9 749.7 262.3 759.6 270.4
P0706__1.0__0___382 0.983 399.3 202.0 389.9 192.5 417.3 165.4 426.7 174.9
P0706__1.0__0___382 0.983 307.9 114.3 298.5 102.9 330.7 76.3 340.1 87.7
P0706__1.0__0___382 0.982 478.2 279.9 468.3 270.5 496.8 240.2 506.8 249.6
P0706__1.0__0___382 0.982 330.3 747.6 321.6 737.3 354.5 709.3 363.3 719.6
P0706__1.0__0___382 0.982 258.8 141.8 249.4 130.9 279.6 104.7 289.0 115.6
P0706__1.0__0___382 0.981 624.6 37.4 614.6 29.1 639.0 -0.0 648.9 8.3
P0706__1.0__0___382 0.981 490.7 537.2 482.3 528.6 505.9 505.5 514.4 514.2
P0706__1.0__0___382 0.981 164.5 198.3 153.6 189.3 184.6 151.5 195.5 160.4
P0706__1.0__0___382 0.981 599.4 157.2 592.2 148.8 615.4 129.0 622.5 137.4
P0706__1.0__0___382 0.980 471.7 518.7 461.8 509.6 487.9 481.1 497.9 490.3
P0706__1.0__0___382 0.980 671.6 323.7 661.9 313.8 689.0 287.4 698.7 297.3
P0706__1.0__0___382 0.979 743.1 76.4 735.5 67.6 758.9 47.4 766.5 56.2
P0706__1.0__0___382 0.979 645.6 212.2 635.1 204.2 658.9 172.9 669.4 180.9
P0706__1.0__0___382 0.978 275.3 166.6 264.8 155.1 297.3 125.5 307.8 137.0
P0706__1.0__0___382 0.978 240.5 278.3 229.4 269.7 254.6 237.2 265.7 245.8
P0706__1.0__0___382 0.977 280.6 318.6 269.9 310.0 294.7 279.1 305.4 287.7
P0706__1.0__0___382 0.977 300.9 100.0 290.9 89.1 321.3 61.0 331.4 71.9
P0706__1.0__0___382 0.977 532.5 418.7 523.2 409.7 547.7 384.4 557.0 393.4
P0706__1.0__0___382 0.977 302.2 335.5 292.4 325.6 319.9 298.3 329.7 308.2
P0706__1.0__0___382 0.976 433.1 478.1 422.7 470.0 445.9 440.6 456.2 448.7
P0706__1.0__0___382 0.975 695.3 106.1 685.8 97.2 710.8 70.6 720.2 79.4
P0706__1.0__0___382 0.975 359.7 498.5 348.7 487.9 380.2 455.5 391.1 466.1
P0706__1.0__0___382 0.974 711.0 366.1 700.7 356.8 728.4 325.9 738.8 335.2
P0706__1.0__0___382 0.974 229.2 360.8 218.4 350.0 247.3 321.2 258.0 332.0
P0706__1.0__0___382 0.973 685.0 250.9 675.7 241.3 701.3 216.4 710.6 225.9
P0706__1.0__0___382 0.973 499.4 143.2 489.9 134.2 514.6 108.4 524.0 117.5
P0706__1.0__0___382 0.972 629.1 439.1 620.9 429.5 649.3 405.2 657.6 414.8
P0706__1.0__0___382 0.972 39.1 406.0 29.4 394.9 62.5 366.0 72.1 377.1
P0706__1.0__0___382 0.972 710.7 47.1 701.2 37.9 726.0 12.1 735.5 21.3
P0706__1.0__0___382 0.971 392.3 32.1 383.3 23.1 407.1 -0.9 416.2 8.2
P0706__1.0__0___382 0.971 533.7 91.2 523.9 83.0 547.9 54.2 557.8 62.4
P0706__1.0__0___382 0.971 503.4 390.4 493.5 381.2 520.1 352.5 530.0 361.7
P0706__1.0__0___382 0.970 120.3 247.6 108.5 235.8 140.4 203.8 152.2 215.5
P0706__1.0__0___382 0.970 180.5 218.0 171.2 207.8 200.5 181.0 209.8 191.2
P0706__1.0__0___382 0.969 384.6 428.9 374.3 419.8 399.8 390.9 410.1 400.0
P0706__1.0__0___382 0.968 368.9 15.5 360.8 8.1 375.3 -7.8 383.5 -0.3
P0706__1.0__0___382 0.967 380.9 24.2 372.3 16.4 393.0 -6.5 401.6 1.3
P0706__1.0__0___382 0.966 584.0 235.1 574.3 225.7 600.7 198.4 610.5 207.8
P0706__1.0__0___382 0.966 740.7 153.8 730.8 143.9 758.1 116.4 768.0 126.2
P0706__1.0__0___382 0.966 620.6 427.8 611.9 418.6 640.5 391.6 649.2 400.8
P0706__1.0__0___382 0.965 609.0 497.4 600.0 487.4 627.1 462.8 636.1 472.8
P0706__1.0__0___382 0.964 290.4 415.4 278.1 404.5 306.1 373.1 318.4 383.9
P0706__1.0__0___382 0.963 548.2 193.0 537.8 184.6 559.7 157.6 570.1 166.0
P0706__1.0__0___382 0.963 719.9 52.8 711.7 45.0 733.7 22.1 741.9 29.9
P0706__1.0__0___382 0.963 626.2 195.3 615.3 186.3 638.6 158.3 649.4 167.3
P0706__1.0__0___382 0.962 438.5 86.1 428.7 77.0 455.4 48.0 465.2 57.1
P0706__1.0__0___382 0.961 659.0 467.6 650.6 458.7 674.5 435.9 682.9 444.7
P0706__1.0__0___382 0.958 588.9 152.2 579.1 143.3 603.2 116.7 613.0 125.6
P0706__1.0__0___382 0.957 250.6 130.3 241.6 121.0 268.5 95.0 277.5 104.3
P0706__1.0__0___382 0.957 330.5 211.1 319.4 201.6 343.8 173.2 354.9 182.8
P0706__1.0__0___382 0.956 28.9 78.9 37.5 70.0 70.3 102.1 61.6 110.9
P0706__1.0__0___382 0.956 94.3 461.8 83.7 449.8 118.5 419.2 129.1 431.2
P0706__1.0__0___382 0.955 138.3 502.5 128.1 490.7 161.6 461.5 171.9 473.3
P0706__1.0__0___382 0.955 728.2 61.2 720.4 52.5 743.8 31.6 751.6 40.4
P0706__1.0__0___382 0.953 492.5 632.8 481.5 623.9 509.7 588.7 520.7 597.5
P0706__1.0__0___382 0.953 510.7 557.3 500.8 548.4 525.2 521.3 535.1 530.2
P0706__1.0__0___382 0.952 559.7 121.8 550.0 113.4 573.4 86.1 583.2 94.5
P0706__1.0__0___382 0.951 757.7 330.7 748.4 320.5 780.0 291.6 789.3 301.8
P0706__1.0__0___382 0.950 185.2 549.6 174.1 538.6 205.7 506.6 216.9 517.7
P0706__1.0__0___382 0.950 532.5 173.1 521.4 164.7 542.5 137.1 553.5 145.6
P0706__1.0__0___382 0.949 265.7 62.7 255.3 52.3 289.2 18.5 299.5 28.9
P0706__1.0__0___382 0.949 611.0 262.2 602.8 251.5 632.6 228.6 640.8 239.3
P0706__1.0__0___382 0.947 643.7 286.2 634.5 276.7 658.2 254.0 667.3 263.5
P0706__1.0__0___382 0.944 610.6 418.1 601.5 408.9 629.8 380.8 638.9 390.0
P0706__1.0__0___382 0.943 217.3 101.1 208.8 90.8 238.2 66.6 246.7 76.9
P0706__1.0__0___382 0.943 639.7 447.2 631.7 438.1 660.0 413.0 668.0 422.0
P0706__1.0__0___382 0.941 470.4 32.7 461.0 21.7 490.5 -3.7 500.0 7.3
P0706__1.0__0___382 0.940 790.5 203.4 783.0 195.6 798.3 180.9 805.8 188.7
P0706__1.0__0___382 0.940 53.0 416.4 43.1 405.3 76.8 375.1 86.7 386.2
P0706__1.0__0___382 0.934 237.7 609.3 226.3 597.9 263.2 560.8 274.7 572.2
P0706__1.0__0___382 0.932 752.1 86.5 744.0 78.6 765.1 56.9 773.2 64.7
P0706__1.0__0___382 0.931 2.0 98.9 11.1 89.7 51.5 130.0 42.4 139.2
P0706__1.0__0___382 0.930 549.7 111.8 539.7 102.7 563.7 76.4 573.7 85.5
P0706__1.0__0___382 0.929 450.6 588.4 439.1 579.1 468.4 542.8 479.9 552.1
P0706__1.0__0___382 0.926 207.9 251.1 198.7 243.6 217.4 220.9 226.6 228.4
P0706__1.0__0___382 0.922 721.3 291.9 711.9 283.7 735.0 257.5 744.3 265.8
P0706__1.0__0___382 0.921 110.0 474.1 98.7 462.7 134.2 427.5 145.5 438.9
P0706__1.0__0___382 0.912 435.3 582.0 424.3 573.8 443.9 547.4 454.9 555.6
P0706__1.0__0___382 0.910 694.2 264.1 684.3 254.9 713.6 223.4 723.5 232.6
P0706__1.0__0___382 0.910 168.8 211.2 160.6 202.7 184.8 179.1 193.1 187.5
P0706__1.0__0___382 0.908 209.2 344.6 195.7 336.1 221.1 295.7 234.6 304.2
P0706__1.0__0___382 0.907 -4.9 117.4 8.6 106.2 44.8 149.8 31.3 161.0
P0706__1.0__0___382 0.907 785.3 123.2 775.6 115.5 796.1 89.9 805.8 97.6
P0706__1.0__0___382 0.906 563.9 215.1 553.9 206.7 578.8 177.0 588.8 185.4
P0706__1.0__0___382 0.904 153.6 514.0 143.6 504.0 173.4 474.2 183.5 484.2
P0706__1.0__0___382 0.904 442.3 486.6 432.5 478.3 455.8 450.5 465.7 458.7
P0706__1.0__0___382 0.903 117.0 128.8 106.2 117.1 142.0 84.0 152.8 95.7
P0706__1.0__0___382 0.897 458.4 25.0 449.6 16.0 475.3 -9.0 484.1 -0.0
P0706__1.0__0___382 0.896 -14.7 132.4 -2.0 122.0 26.6 157.0 14.0 167.3
P0706__1.0__0___382 0.890 506.3 311.5 495.4 302.8 521.3 270.2 532.3 279.0
P0706__1.0__0___382 0.889 458.1 605.1 445.5 595.2 479.1 552.7 491.6 562.6
P0706__1.0__0___382 0.873 210.6 573.0 199.0 562.4 230.5 528.1 242.1 538.7
P0706__1.0__0___382 0.872 776.6 199.3 768.1 191.1 797.3 160.9 805.7 169.1
P0706__1.0__0___382 0.871 156.7 298.1 147.0 288.4 178.1 257.1 187.8 266.8
P0706__1.0__0___382 0.870 774.5 109.9 766.5 101.3 791.6 78.2 799.5 86.9
P0706__1.0__0___382 0.863 400.6 434.2 390.4 426.5 411.4 398.7 421.6 406.4
P0706__1.0__0___382 0.851 170.8 308.6 159.8 298.4 187.1 268.8 198.1 279.0
P0706__1.0__0___382 0.844 752.1 616.4 763.7 605.0 789.2 631.0 777.6 642.4
P0706__1.0__0___382 0.832 769.8 183.2 761.7 174.0 789.7 149.2 797.8 158.4
P0706__1.0__0___382 0.810 238.4 377.6 227.0 367.9 259.1 329.8 270.6 339.5
P0706__1.0__0___382 0.806 298.3 704.7 290.9 699.3 303.5 682.1 310.9 687.6
P1234__1.0__3000___600 0.981 737.2 204.2 746.5 186.2 811.1 219.6 801.8 237.5
P1234__1.0__3200___0 0.999 595.5 516.7 617.7 502.1 654.8 558.2 632.6 572.9
P1234__1.0__3200___0 0.996 88.9 487.9 103.8 467.5 165.0 512.2 150.1 532.6
P1234__1.0__3200___0 0.993 166.1 384.7 176.3 364.2 246.5 399.1 236.3 419.6
P1234__1.0__3200___0 0.992 58.2 401.1 69.1 386.1 129.8 430.1 119.0 445.1
P1234__1.0__3200___0 0.985 380.6 483.4 392.0 468.0 450.0 510.9 438.6 526.3
P1234__1.0__3200___0 0.957 292.3 581.0 305.6 561.4 358.1 597.1 344.7 616.7
P1234__1.0__3000___1800 0.999 39.4 694.0 30.9 678.0 90.1 646.7 98.5 662.7
P2709__1.0__2190___1614 0.996 206.9 442.9 174.7 426.1 255.6 271.9 287.7 288.8
P2709__1.0__2190___1614 0.986 14.9 783.2 -33.9 756.3 87.3 535.6 136.2 562.5
P2709__1.0__2190___1614 0.959 313.8 202.6 262.3 178.8 355.1 -22.6 406.6 1.2
P2709__1.0__2190___1614 0.834 179.5 414.5 152.6 400.5 219.9 270.7 246.8 284.7
P1234__1.0__3000___2400 0.998 39.9 92.2 32.3 77.8 90.0 47.5 97.5 62.0
P1234__1.0__2400___1800 0.999 638.6 695.2 629.7 678.8 689.7 646.3 698.6 662.7
P2709__1.0__1800___1200 0.994 627.0 808.0 597.6 793.1 648.1 693.6 677.6 708.6
P2709__1.0__1800___1200 0.828 698.7 614.4 644.0 585.8 762.4 359.4 817.0 387.9
P1234__1.0__2400___600 0.853 309.4 120.5 317.6 107.2 373.8 141.6 365.7 154.9
P1234__1.0__3200___600 0.999 537.0 204.2 550.2 183.6 632.7 236.2 619.5 256.9
P1234__1.0__3200___600 0.993 724.5 134.1 739.0 115.3 804.7 166.0 790.1 184.9
P1234__1.0__2400___2400 0.999 640.0 93.1 631.7 77.6 689.9 46.4 698.2 61.8
P1234__1.0__600___600 0.987 362.9 324.2 348.1 304.3 416.4 253.6 431.2 273.5
P1234__1.0__600___600 0.954 250.9 408.9 237.2 391.6 325.3 322.0 339.0 339.3
P1234__1.0__600___600 0.935 261.7 419.7 248.0 402.1 332.1 336.7 345.8 354.3
P1234__1.0__600___600 0.921 553.4 350.4 563.5 343.7 584.3 374.8 574.2 381.5
P1234__1.0__600___600 0.911 370.7 335.1 356.3 316.4 428.8 260.5 443.2 279.2
P1234__1.0__600___600 0.857 573.0 400.8 579.0 395.2 595.2 412.6 589.2 418.2
P0706__1.0__311___382 0.999 333.9 59.1 322.8 49.6 348.1 20.0 359.1 29.4
P0706__1.0__311___382 0.999 323.0 48.8 312.7 40.2 336.7 11.7 346.9 20.3
P0706__1.0__311___382 0.998 156.0 272.3 146.6 263.8 170.4 237.5 179.8 246.0
P0706__1.0__311___382 0.997 105.4 456.4 94.8 446.4 122.6 416.8 133.2 426.8
P0706__1.0__311___382 0.997 252.4 368.0 243.2 358.1 274.0 329.5 283.2 339.5
P0706__1.0__311___382 0.997 16.4 733.8 3.2 721.6 51.4 669.5 64.6 681.7
P0706__1.0__311___382 0.997 391.2 355.3 379.8 345.8 407.7 312.6 419.0 322.1
P0706__1.0__311___382 0.997 493.8 230.8 483.6 220.5 514.1 190.2 524.3 200.4
P0706__1.0__311___382 0.996 528.5 50.4 519.3 42.6 539.1 19.0 548.3 26.8
P0706__1.0__311___382 0.996 380.0 340.1 371.0 329.6 398.1 306.4 407.0 316.8
P0706__1.0__311___382 0.996 718.1 690.2 728.5 674.2 782.6 709.5 772.2 725.5
P0706__1.0__311___382 0.996 69.9 181.9 58.0 172.6 83.0 140.5 94.9 149.9
P0706__1.0__311___382 0.995 232.6 351.1 223.2 340.2 254.4 313.3 263.8 324.1
P0706__1.0__311___382 0.995 272.1 390.3 262.3 380.7 289.1 353.5 298.9 363.2
P0706__1.0__311___382 0.995 35.2 232.0 26.0 222.0 52.9 197.5 62.0 207.6
P0706__1.0__311___382 0.995 369.4 103.2 358.5 93.4 386.6 62.0 397.6 71.9
P0706__1.0__311___382 0.995 224.7 340.5 214.1 331.3 239.4 301.9 250.0 311.1
P0706__1.0__311___382 0.995 241.6 593.8 232.3 585.7 257.3 557.1 266.6 565.3
P0706__1.0__311___382 0.995 693.2 716.9 705.1 699.4 762.0 738.0 750.1 755.5
P0706__1.0__311___382 0.994 276.1 477.2 267.9 466.7 296.7 444.2 304.9 454.6
P0706__1.0__311___382 0.994 125.4 239.0 116.3 230.3 142.0 203.4 151.1 212.1
P0706__1.0__311___382 0.994 522.1 604.6 536.1 590.1 587.2 639.2 573.3 653.7
P0706__1.0__311___382 0.994 743.0 397.0 753.5 386.4 789.2 421.6 778.7 432.2
P0706__1.0__311___382 0.994 392.2 122.2 380.4 113.3 405.9 79.4 417.8 88.4
P0706__1.0__311___382 0.994 632.5 511.8 647.1 499.7 689.6 551.1 675.0 563.2
P0706__1.0__311___382 0.993 352.0 78.6 341.3 69.6 366.5 39.8 377.1 48.8
P0706__1.0__311___382 0.993 79.7 188.2 69.9 178.1 101.0 148.1 110.8 158.2
P0706__1.0__311___382 0.993 103.5 70.3 93.3 60.1 123.8 29.3 134.1 39.5
P0706__1.0__311___382 0.993 177.2 659.8 191.2 645.8 238.8 693.4 224.8 707.4
P0706__1.0__311___382 0.993 321.3 281.4 312.6 272.6 336.6 249.1 345.3 258.0
P0706__1.0__311___382 0.993 593.0 119.6 584.8 112.3 606.8 87.5 615.1 94.8
P0706__1.0__311___382 0.992 91.3 58.8 81.5 48.0 114.0 18.6 123.8 29.4
P0706__1.0__311___382 0.992 516.3 38.4 508.2 29.1 531.9 8.5 540.0 17.8
P0706__1.0__311___382 0.992 84.4 45.4 75.0 35.4 102.9 9.1 112.3 19.2
P0706__1.0__311___382 0.992 348.8 312.7 340.6 303.3 367.8 279.8 375.9 289.2
P0706__1.0__311___382 0.992 563.9 212.2 555.2 203.5 579.3 179.5 588.0 188.2
P0706__1.0__311___382 0.992 558.6 565.4 569.9 553.9 614.5 597.6 603.3 609.1
P0706__1.0__311___382 0.992 422.6 301.6 412.7 293.2 438.7 262.7 448.6 271.1
P0706__1.0__311___382 0.992 480.1 205.9 470.6 197.8 493.7 170.8 503.2 178.9
P0706__1.0__311___382 0.991 289.8 20.3 281.4 12.4 299.9 -7.1 308.3 0.9
P0706__1.0__311___382 0.991 32.5 779.0 23.7 763.4 75.8 733.9 84.6 749.4
P0706__1.0__311___382 0.991 399.1 366.6 388.6 357.3 416.5 325.9 427.0 335.2
P0706__1.0__311___382 0.991 319.1 439.2 310.8 430.4 337.2 405.2 345.5 413.9
P0706__1.0__311___382 0.991 70.0 518.6 59.6 507.5 91.3 478.0 101.7 489.1
P0706__1.0__311___382 0.990 228.3 434.1 218.7 425.5 242.8 398.6 252.3 407.1
P0706__1.0__311___382 0.990 300.6 30.3 290.9 21.1 316.0 -5.5 325.7 3.7
P0706__1.0__311___382 0.990 87.6 202.3 78.0 192.4 106.0 165.4 115.6 175.4
P0706__1.0__311___382 0.990 365.9 239.8 356.2 231.0 381.5 203.4 391.1 212.3
P0706__1.0__311___382 0.990 177.0 134.3 166.5 125.7 189.2 97.8 199.7 106.3
P0706__1.0__311___382 0.990 26.6 377.0 18.0 366.9 48.1 341.3 56.7 351.4
P0706__1.0__311___382 0.990 54.3 251.2 44.3 240.7 72.2 214.3 82.2 224.8
P0706__1.0__311___382 0.990 140.1 111.7 129.9 101.4 162.6 68.9 172.8 79.1
P0706__1.0__311___382 0.989 183.7 298.3 174.0 289.7 198.0 262.6 207.7 271.2
P0706__1.0__311___382 0.989 156.6 362.2 148.3 352.0 175.4 329.9 183.7 340.1
P0706__1.0__311___382 0.989 20.3 133.1 10.4 122.6 43.4 91.4 53.3 101.9
P0706__1.0__311___382 0.989 337.7 300.8 329.1 289.1 360.4 266.3 368.9 278.0
P0706__1.0__311___382 0.989 95.1 544.2 82.1 533.0 112.3 498.0 125.3 509.2
P0706__1.0__311___382 0.989 588.4 40.8 581.1 31.5 605.5 12.4 612.8 21.6
P0706__1.0__311___382 0.988 477.7 646.4 492.4 633.5 542.7 690.4 528.1 703.3
P0706__1.0__311___382 0.988 151.3 122.2 142.1 111.5 171.7 85.9 180.9 96.6
P0706__1.0__311___382 0.988 47.2 394.4 38.1 385.3 62.4 360.9 71.4 369.9
P0706__1.0__311___382 0.987 195.3 74.5 185.4 64.2 213.8 36.8 223.7 47.1
P0706__1.0__311___382 0.987 48.9 498.3 37.9 487.5 70.7 453.9 81.7 464.7
P0706__1.0__311___382 0.987 572.7 555.8 584.3 544.4 627.8 588.5 616.3 599.9
P0706__1.0__311___382 0.987 401.0 283.3 392.0 274.0 416.8 250.0 425.8 259.3
P0706__1.0__311___382 0.986 713.7 705.7 723.6 691.5 770.9 724.6 760.9 738.8
P0706__1.0__311___382 0.986 264.7 221.3 255.9 212.3 283.4 185.3 292.3 194.4
P0706__1.0__311___382 0.986 50.3 162.3 40.2 152.5 67.1 124.8 77.2 134.6
P0706__1.0__311___382 0.985 358.4 478.1 349.8 469.5 375.4 444.1 384.0 452.7
P0706__1.0__311___382 0.985 146.5 259.3 136.9 250.1 163.6 222.2 173.2 231.4
P0706__1.0__311___382 0.985 675.9 31.6 668.4 23.1 692.9 1.7 700.4 10.3
P0706__1.0__311___382 0.985 178.6 52.6 168.7 42.7 196.2 15.2 206.1 25.1
P0706__1.0__311___382 0.985 272.6 234.9 263.4 225.5 290.5 199.1 299.7 208.5
P0706__1.0__311___382 0.985 160.5 519.1 150.6 510.1 176.8 481.5 186.7 490.5
P0706__1.0__311___382 0.984 339.3 458.1 331.1 450.1 355.2 425.2 363.4 433.2
P0706__1.0__311___382 0.984 221.8 419.1 212.1 410.2 235.9 384.4 245.6 393.4
P0706__1.0__311___382 0.983 39.3 152.0 29.7 143.3 52.7 117.9 62.4 126.6
P0706__1.0__311___382 0.983 518.3 159.6 509.6 152.8 528.5 128.5 537.2 135.2
P0706__1.0__311___382 0.983 125.7 323.2 114.8 314.8 138.7 284.0 149.6 292.4
P0706__1.0__311___382 0.982 467.0 197.9 457.5 188.3 485.3 160.8 494.8 170.4
P0706__1.0__311___382 0.982 228.9 586.8 218.3 576.8 247.8 545.5 258.4 555.5
P0706__1.0__311___382 0.982 462.0 181.1 453.0 172.2 476.8 148.0 485.8 156.9
P0706__1.0__311___382 0.981 181.2 632.6 170.7 623.8 198.6 590.4 209.2 599.2
P0706__1.0__311___382 0.981 487.2 126.1 478.5 118.5 499.9 94.0 508.6 101.6
P0706__1.0__311___382 0.979 761.9 635.1 770.3 620.6 807.8 642.2 799.4 656.7
P0706__1.0__311___382 0.978 505.9 542.0 516.7 531.9 542.7 559.8 531.9 569.8
P0706__1.0__311___382 0.977 360.4 324.2 350.3 314.0 378.4 286.4 388.4 296.7
P0706__1.0__311___382 0.977 222.1 92.4 212.2 84.0 237.7 54.0 247.6 62.4
P0706__1.0__311___382 0.977 743.0 646.3 751.7 630.7 803.8 659.7 795.2 675.2
P0706__1.0__311___382 0.976 605.4 55.0 597.6 47.0 617.1 27.6 625.0 35.5
P0706__1.0__311___382 0.976 361.8 87.0 351.6 77.6 377.4 49.4 387.6 58.8
P0706__1.0__311___382 0.975 649.5 175.1 642.1 166.4 666.2 145.9 673.6 154.6
P0706__1.0__311___382 0.975 75.3 269.9 65.7 260.0 91.6 234.7 101.2 244.5
P0706__1.0__311___382 0.974 540.8 67.1 532.5 56.6 561.0 34.0 569.3 44.5
P0706__1.0__311___382 0.974 -0.1 189.1 -10.7 178.4 15.3 152.5 25.9 163.2
P0706__1.0__311___382 0.974 157.5 36.4 147.5 26.2 177.8 -3.4 187.8 6.8
P0706__1.0__311___382 0.973 310.0 428.2 300.7 418.8 328.8 391.1 338.1 400.5
P0706__1.0__311___382 0.972 494.8 554.5 504.6 545.9 526.0 570.3 516.2 578.9
P0706__1.0__311___382 0.972 301.4 263.1 292.3 253.2 322.1 226.0 331.2 235.9
P0706__1.0__311___382 0.971 350.3 233.0 341.3 223.5 369.6 196.7 378.5 206.2
P0706__1.0__311___382 0.971 392.8 34.0 384.2 24.5 407.8 3.0 416.4 12.5
P0706__1.0__311___382 0.971 82.5 528.3 72.0 517.5 102.0 488.3 112.5 499.2
P0706__1.0__311___382 0.971 143.4 499.7 131.7 491.0 154.6 460.4 166.3 469.1
P0706__1.0__311___382 0.970 258.3 459.2 248.7 449.8 275.3 422.9 284.9 432.3
P0706__1.0__311___382 0.969 299.8 497.5 290.5 488.4 315.4 462.8 324.7 471.8
P0706__1.0__311___382 0.968 539.8 187.3 530.6 179.5 551.3 154.8 560.5 162.5
P0706__1.0__311___382 0.967 288.1 157.4 280.8 149.0 304.7 128.3 312.0 136.8
P0706__1.0__311___382 0.967 501.6 25.3 493.3 16.0 517.6 -5.6 525.9 3.7
P0706__1.0__311___382 0.967 2.3 325.1 -7.0 315.0 9.5 299.7 18.8 309.7
P0706__1.0__311___382 0.966 590.0 545.4 601.9 535.4 639.4 579.7 627.5 589.7
P0706__1.0__311___382 0.965 328.0 449.3 319.6 440.5 348.3 412.8 356.8 421.7
P0706__1.0__311___382 0.964 688.0 735.5 697.5 719.9 753.8 754.0 744.3 769.6
P0706__1.0__311___382 0.964 720.6 420.1 732.6 409.1 769.1 448.9 757.1 459.8
P0706__1.0__311___382 0.963 618.4 522.3 631.5 511.9 669.4 559.9 656.2 570.3
P0706__1.0__311___382 0.962 313.8 37.0 304.1 28.6 329.0 -0.2 338.7 8.2
P0706__1.0__311___382 0.962 341.8 221.2 332.3 211.8 359.4 184.6 368.9 194.0
P0706__1.0__311___382 0.959 186.0 62.9 177.1 52.9 203.1 29.9 212.0 39.9
P0706__1.0__311___382 0.958 739.3 664.9 747.8 649.7 798.9 678.2 790.4 693.4
P0706__1.0__311___382 0.958 197.8 308.8 186.1 299.3 211.4 268.3 223.0 277.8
P0706__1.0__311___382 0.956 129.6 86.2 119.1 77.7 143.8 47.0 154.4 55.5
P0706__1.0__311___382 0.954 19.0 749.0 9.3 737.6 47.2 705.4 56.9 716.8
P0706__1.0__311___382 0.954 130.8 487.3 120.6 478.9 144.8 449.5 155.0 457.9
P0706__1.0__311___382 0.952 659.0 468.3 672.3 453.9 724.3 502.0 711.0 516.4
P0706__1.0__311___382 0.952 69.0 24.7 60.0 16.6 80.4 -5.8 89.3 2.3
P0706__1.0__311___382 0.951 190.0 142.5 180.4 134.2 204.2 106.7 213.8 115.0
P0706__1.0__311___382 0.951 626.0 81.2 617.0 73.1 639.2 48.6 648.2 56.8
P0706__1.0__311___382 0.950 703.1 432.0 714.8 419.5 754.8 456.9 743.1 469.4
P0706__1.0__311___382 0.949 228.3 184.7 218.2 176.8 239.6 149.8 249.7 157.7
P0706__1.0__311___382 0.947 238.6 111.2 229.2 102.8 253.1 76.1 262.6 84.6
P0706__1.0__311___382 0.946 485.6 557.1 476.0 547.4 502.0 521.7 511.6 531.4
P0706__1.0__311___382 0.945 57.5 14.8 50.2 7.5 64.4 -6.7 71.8 0.7
P0706__1.0__311___382 0.944 690.9 46.7 683.7 37.8 708.7 17.5 716.0 26.4
P0706__1.0__311___382 0.942 39.2 487.2 28.0 477.3 56.8 444.7 68.0 454.5
P0706__1.0__311___382 0.941 603.2 531.9 616.0 521.8 654.1 569.9 641.2 580.1
P0706__1.0__311___382 0.940 514.9 247.4 506.1 238.2 536.1 209.5 544.9 218.6
P0706__1.0__311___382 0.940 346.8 466.8 338.9 457.9 364.1 435.5 372.0 444.5
P0706__1.0__311___382 0.940 179.4 536.6 171.2 528.5 194.9 504.4 203.2 512.4
P0706__1.0__311___382 0.939 417.1 61.3 409.0 52.3 432.5 31.4 440.5 40.3
P0706__1.0__311___382 0.939 579.7 33.8 572.5 24.8 594.7 7.3 601.8 16.2
P0706__1.0__311___382 0.938 410.1 292.1 400.6 283.3 423.6 258.4 433.1 267.1
P0706__1.0__311___382 0.938 432.1 76.3 424.0 67.2 447.0 46.8 455.1 55.9
P0706__1.0__311___382 0.936 667.9 755.9 677.6 742.7 729.9 781.0 720.2 794.2
P0706__1.0__311___382 0.936 221.2 173.9 210.4 165.8 231.6 137.4 242.4 145.5
P0706__1.0__311___382 0.933 651.1 483.1 664.1 470.3 703.4 510.2 690.4 523.0
P0706__1.0__311___382 0.931 72.6 430.9 62.0 422.1 87.4 391.7 97.9 400.5
P0706__1.0__311___382 0.930 238.3 192.4 227.8 184.2 249.6 156.2 260.1 164.3
P0706__1.0__311___382 0.929 573.9 156.9 581.2 148.4 604.1 168.1 596.8 176.6
P0706__1.0__311___382 0.929 211.0 566.7 200.7 559.1 221.0 531.9 231.3 539.6
P0706__1.0__311___382 0.928 254.8 213.3 244.5 203.8 271.4 174.6 281.7 184.1
P0706__1.0__311___382 0.924 772.6 619.2 781.6 606.0 808.0 623.9 799.0 637.1
P0706__1.0__311___382 0.923 570.8 684.3 580.9 681.9 585.6 701.8 575.5 704.2
P0706__1.0__311___382 0.918 479.3 359.4 471.0 351.7 497.1 323.5 505.5 331.2
P0706__1.0__311___382 0.914 81.0 32.3 71.5 23.1 94.9 -1.0 104.5 8.3
P0706__1.0__311___382 0.914 448.1 330.9 438.1 320.7 468.8 290.9 478.8 301.2
P0706__1.0__311___382 0.908 199.5 557.2 189.2 547.7 214.7 520.3 224.9 529.9
P0706__1.0__311___382 0.907 5.6 452.7 -5.5 442.6 23.1 411.0 34.3 421.1
P0706__1.0__311___382 0.906 471.1 543.0 461.7 533.8 489.1 505.5 498.6 514.6
P0706__1.0__311___382 0.906 89.8 434.7 79.0 426.6 100.7 397.5 111.5 405.6
P0706__1.0__311___382 0.903 138.7 588.5 127.4 579.1 156.3 544.3 167.6 553.7
P0706__1.0__311___382 0.899 589.6 236.8 581.2 229.4 602.8 204.8 611.2 212.2
P0706__1.0__311___382 0.896 276.7 153.9 266.7 144.9 290.9 117.8 301.0 126.8
P0706__1.0__311___382 0.889 447.5 479.4 458.1 470.5 485.3 502.9 474.7 511.8
P0706__1.0__311___382 0.888 147.0 25.7 138.1 16.8 163.5 -9.0 172.5 -0.2
P0706__1.0__311___382 0.874 490.3 213.2 480.7 203.5 507.8 176.8 517.4 186.5
P0706__1.0__311___382 0.873 689.5 752.4 698.1 739.5 739.8 767.6 731.1 780.5
P0706__1.0__311___382 0.869 572.9 25.7 566.2 17.5 587.2 0.2 594.0 8.4
P0706__1.0__311___382 0.868 548.9 274.2 539.9 265.7 564.4 239.6 573.4 248.1
P0706__1.0__311___382 0.866 192.9 642.0 182.2 632.3 212.4 598.9 223.1 608.6
P0706__1.0__311___382 0.862 290.3 407.7 281.3 398.2 310.8 370.2 319.8 379.6
P0706__1.0__311___382 0.860 119.6 560.5 108.7 551.1 136.5 518.8 147.4 528.2
P0706__1.0__311___382 0.852 733.0 678.1 742.3 663.3 793.4 695.5 784.1 710.3
P0706__1.0__311___382 0.849 401.4 47.5 391.8 39.2 414.8 12.6 424.4 20.9
P0706__1.0__311___382 0.842 333.0 285.9 323.6 276.8 346.2 253.8 355.6 262.9
P0706__1.0__311___382 0.840 674.3 456.3 686.1 442.3 735.4 483.9 723.6 497.9
P0706__1.0__311___382 0.833 741.5 102.8 733.4 94.4 757.8 70.8 766.0 79.3
P0706__1.0__311___382 0.832 0.3 110.6 -8.1 101.1 18.3 77.9 26.7 87.4
P0706__1.0__311___382 0.830 433.4 401.9 424.4 391.3 456.0 364.2 465.0 374.7
P0706__1.0__311___382 0.822 655.6 770.1 666.5 755.2 718.6 793.3 707.8 808.1
P0706__1.0__311___382 0.822 314.9 196.0 304.4 187.2 328.2 158.8 338.7 167.6
P0706__1.0__311___382 0.813 441.1 618.0 452.3 606.0 479.7 631.6 468.5 643.6
P0706__1.0__311___382 0.812 1.8 719.6 -8.5 708.9 25.2 676.5 35.5 687.1
P0706__1.0__311___382 0.805 639.8 495.8 650.9 483.7 691.5 520.7 680.5 532.9
P0706__1.0__311___382 0.802 521.3 170.2 513.6 161.6 535.7 141.8 543.4 150.3
P1234__1.0__1200___1800 0.974 680.4 -0.7 686.4 -8.6 707.5 7.2 701.5 15.2
