imagesource:GoogleEarth
gsd:2.68220901489e-06
1464 1133 1440 1230 1321 1200 1348 1098 plane 0
916 686 798 649 831 529 946 551 plane 0
1530 676 1517 746 1456 731 1470 672 plane 0
1511 746 1501 805 1433 793 1445 732 plane 0
1517 864 1501 933 1429 917 1444 853 plane 0
1515 924 1495 1022 1380 995 1402 899 plane 0
1470 1064 1459 1138 1373 1111 1384 1050 plane 0
1420 1230 1405 1291 1341 1272 1355 1214 plane 0
1406 1283 1390 1345 1318 1328 1332 1263 plane 0
761 985 728 1110 577 1078 597 963 plane 0
746 752 724 895 576 863 602 734 plane 0
863 847 754 824 779 697 883 708 plane 0
780 645 752 774 609 744 634 631 plane 0
829 591 820 676 695 650 710 569 plane 0
1011 735 884 710 909 591 1034 595 plane 0
1021 500 998 590 877 568 895 477 plane 0
1009 406 987 494 879 479 893 380 plane 0
1665 678 1689 625 1734 644 1707 698 plane 0
1701 679 1720 578 1807 598 1778 702 plane 0
1758 730 1782 631 1872 652 1845 752 plane 0
1602 1239 1607 1202 1657 1214 1650 1250 helicopter 0
820 513 800 610 658 578 687 478 plane 0
1644 995 1650 955 1715 964 1703 1012 helicopter 0
1636 1028 1638 987 1692 995 1681 1037 helicopter 0
1612 1122 1622 1074 1688 1082 1680 1134 helicopter 0
1613 1175 1622 1133 1678 1145 1671 1185 helicopter 0
1608 1208 1615 1175 1663 1185 1657 1217 helicopter 0
1592 1267 1596 1228 1645 1236 1637 1280 helicopter 0
1658 728 1703 639 1818 710 1761 782 plane 0
1497 1000 1488 1046 1436 1029 1447 989 helicopter 0
1483 1035 1470 1086 1409 1069 1420 1018 helicopter 0
1625 1089 1640 995 1752 1014 1732 1116 plane 0
1657 932 1683 837 1794 861 1766 962 plane 0
1706 839 1706 790 1828 778 1831 841 plane 0
1675 795 1675 730 1753 731 1752 792 plane 0
873 373 843 478 702 447 725 340 plane 0
