P1234 1.0 2438.6 3731.2 2438.7 3707.4 2464.0 3707.6 2463.9 3731.3
P1234 1.0 3647.1 3946.5 3648.7 3895.6 3699.6 3897.3 3698.0 3948.2
P1234 1.0 3409.0 3798.2 3408.6 3769.1 3440.2 3768.8 3440.5 3797.8
P1234 1.0 3502.6 3983.6 3501.6 3934.8 3554.8 3933.8 3555.8 3982.6
P1234 1.0 3565.1 3992.9 3571.1 3943.7 3624.2 3950.1 3618.2 3999.3
P1234 1.0 3581.1 3932.1 3583.2 3880.0 3634.7 3882.0 3632.6 3934.2
P1234 1.0 3404.1 3990.2 3405.2 3938.2 3457.7 3939.3 3456.6 3991.3
P1234 1.0 3172.9 3944.8 3173.6 3896.3 3224.0 3897.1 3223.2 3945.6
P1234 1.0 3187.5 3875.9 3186.6 3824.5 3240.4 3823.5 3241.3 3874.9
P1234 1.0 3353.5 3913.1 3353.0 3862.7 3404.4 3862.1 3405.0 3912.5
P1234 1.0 1230.2 3450.4 1232.1 3409.9 1272.1 3411.7 1270.2 3452.2
P1234 1.0 3415.0 3879.6 3466.4 3869.8 3476.1 3920.7 3424.8 3930.5
P1234 1.0 3633.7 3182.2 3634.4 3129.8 3691.4 3130.5 3690.7 3182.9
P1234 1.0 3696.4 3180.9 3725.5 3132.9 3771.0 3160.5 3742.0 3208.5
P1234 1.0 3670.8 3049.4 3666.1 3009.6 3706.0 3004.8 3710.7 3044.6
P1234 1.0 3721.0 3031.5 3764.4 2997.6 3796.4 3038.7 3753.0 3072.5
P1234 1.0 3640.6 3101.9 3664.1 3052.3 3713.0 3075.4 3689.6 3125.0
P1234 1.0 1302.3 3384.4 1302.5 3360.8 1327.1 3361.0 1327.0 3384.6
P1234 1.0 3632.9 4000.0 3632.4 3961.4 3685.3 3960.7 3685.8 3999.4
P1234 1.0 3793.9 3201.0 3793.0 3167.9 3856.3 3166.2 3857.2 3199.2
P1234 1.0 3714.0 3122.9 3724.2 3070.5 3778.6 3081.1 3768.5 3133.5
P1234 1.0 1280.2 3433.5 1321.6 3430.8 1324.5 3473.9 1283.1 3476.7
P1234 1.0 2213.5 3770.6 2213.9 3746.2 2239.0 3746.6 2238.6 3771.0
P1234 1.0 3252.1 3877.4 3271.7 3831.3 3318.5 3851.2 3298.9 3897.3
P1234 1.0 3244.0 3961.5 3244.8 3910.5 3296.1 3911.3 3295.3 3962.3
P1234 1.0 3380.0 3791.7 3380.5 3762.8 3411.2 3763.3 3410.7 3792.2
P1234 1.0 2179.1 3766.0 2179.6 3741.2 2205.6 3741.6 2205.1 3766.5
P1234 0.999 2312.8 3719.7 2313.1 3697.5 2336.3 3697.9 2336.0 3720.0
P1234 0.999 3338.8 3975.8 3341.6 3923.5 3391.9 3926.1 3389.1 3978.4
P1234 0.999 3519.8 3919.0 3518.5 3870.3 3568.8 3869.0 3570.1 3917.6
P1234 0.999 2407.0 3726.4 2407.1 3701.0 2435.0 3701.1 2434.9 3726.5
P1234 0.999 1338.6 3401.8 1338.8 3377.7 1363.6 3377.9 1363.4 3402.0
P1234 0.999 3884.6 3239.1 3886.6 3179.3 3949.7 3181.4 3947.7 3241.2
P1234 0.999 2339.9 3724.0 2340.1 3703.1 2362.1 3703.3 2361.8 3724.3
P1234 0.999 1268.0 3367.3 1268.1 3346.2 1290.2 3346.3 1290.1 3367.3
P1234 0.999 2877.3 3185.1 2877.5 3172.7 2891.0 3172.9 2890.8 3185.3
P1234 0.999 3279.2 3039.0 3281.1 2979.2 3346.4 2981.3 3344.4 3041.1
P1234 0.999 3263.6 3116.9 3266.3 3056.9 3330.9 3059.8 3328.2 3119.8
P1234 0.999 3825.6 3928.3 3889.8 3925.6 3892.5 3992.0 3828.3 3994.6
P1234 0.999 3894.7 3110.4 3946.4 3077.2 3979.1 3128.1 3927.4 3161.3
P1234 0.998 3294.9 3801.1 3295.0 3785.3 3311.4 3785.4 3311.3 3801.2
P1234 0.998 3274.7 3797.1 3274.7 3781.0 3291.8 3781.0 3291.9 3797.0
P1234 0.998 3814.7 3979.6 3752.1 3976.2 3755.6 3913.4 3818.2 3916.8
P1234 0.998 3145.1 3866.6 3145.1 3850.2 3162.1 3850.2 3162.1 3866.6
P1234 0.998 3811.3 3131.7 3813.2 3069.5 3874.8 3071.4 3872.9 3133.6
P1234 0.998 2246.4 3776.3 2246.3 3752.0 2272.2 3752.0 2272.2 3776.2
P1234 0.998 3314.9 3805.4 3315.1 3789.8 3331.9 3790.0 3331.7 3805.6
P1234 0.998 3349.5 3041.2 3380.1 2984.6 3436.2 3014.9 3405.6 3071.5
P1234 0.998 1372.7 3418.1 1373.1 3394.4 1398.8 3394.8 1398.4 3418.5
P1234 0.998 2279.3 3781.1 2279.4 3758.0 2304.6 3758.1 2304.5 3781.2
P1234 0.997 2292.5 3712.3 2292.4 3698.0 2307.8 3697.8 2308.0 3712.1
P1234 0.997 3549.1 3087.5 3552.1 3031.1 3615.8 3034.5 3612.7 3090.9
P1234 0.997 2906.5 3162.5 2907.0 3151.8 2918.4 3152.3 2917.9 3163.1
P1234 0.997 2893.9 3173.6 2893.9 3162.1 2906.4 3162.1 2906.4 3173.6
P1234 0.997 2614.2 3944.4 2614.2 3933.2 2625.7 3933.2 2625.7 3944.4
P1234 0.996 1788.9 3845.1 1790.2 3833.5 1803.8 3835.0 1802.4 3846.7
P1234 0.996 3789.1 3226.7 3789.5 3199.6 3858.7 3200.6 3858.3 3227.8
P1234 0.996 3552.3 2973.5 3604.5 2938.7 3640.3 2992.5 3588.2 3027.3
P1234 0.996 2622.1 3961.3 2621.9 3950.1 2633.9 3949.8 2634.2 3961.0
P1234 0.996 2630.9 3979.0 2631.0 3967.6 2642.5 3967.7 2642.4 3979.0
P1234 0.996 2587.1 3969.2 2586.9 3958.4 2597.6 3958.2 2597.8 3969.0
P1234 0.996 2581.5 3938.2 2581.9 3927.3 2593.6 3927.9 2593.1 3938.7
P1234 0.996 2857.0 3200.6 2856.9 3189.7 2868.9 3189.6 2869.0 3200.6
P1234 0.995 3148.8 3846.3 3148.8 3829.1 3167.1 3829.1 3167.0 3846.4
P1234 0.995 2734.8 3065.0 2735.3 3052.8 2747.5 3053.4 2746.9 3065.6
P1234 0.995 2902.1 2819.1 2902.3 2803.2 2919.9 2803.3 2919.7 2819.2
P1234 0.995 2739.3 3049.4 2739.1 3036.7 2751.9 3036.5 2752.1 3049.2
P1234 0.995 2909.1 3073.3 2909.3 3059.8 2924.0 3060.0 2923.9 3073.6
P1234 0.995 2847.8 3208.7 2847.8 3198.3 2859.2 3198.4 2859.2 3208.7
P1234 0.994 3534.3 3169.6 3535.1 3111.2 3599.5 3112.2 3598.7 3170.6
P1234 0.994 2578.8 3952.7 2578.7 3941.9 2589.8 3941.8 2589.9 3952.6
P1234 0.994 1787.7 3861.8 1788.6 3849.9 1800.7 3850.8 1799.8 3862.8
P1234 0.994 3361.5 2935.9 3417.8 2901.5 3452.1 2957.6 3395.8 2992.0
P1234 0.994 3140.6 3887.5 3140.8 3870.6 3158.5 3870.8 3158.3 3887.8
P1234 0.993 2768.3 3049.4 2768.2 3030.7 2789.0 3030.6 2789.1 3049.3
P1234 0.993 1770.0 3837.0 1770.7 3824.7 1784.9 3825.5 1784.2 3837.7
P1234 0.993 2866.7 3192.4 2866.9 3182.0 2878.7 3182.2 2878.5 3192.6
P1234 0.993 2608.3 3974.0 2608.2 3963.3 2620.4 3963.2 2620.5 3973.8
P1234 0.992 3189.7 3824.2 3199.3 3824.7 3196.6 3874.2 3187.0 3873.7
P1234 0.992 2638.7 3950.7 2634.8 3939.4 2646.7 3935.2 2650.7 3946.5
P1234 0.992 3340.9 3129.8 3350.6 3067.8 3414.7 3077.8 3405.0 3139.8
P1234 0.992 3470.1 3071.6 3473.0 3014.7 3536.1 3017.9 3533.2 3074.8
P1234 0.992 2943.9 3091.2 2944.1 3081.4 2954.1 3081.6 2953.9 3091.4
P1234 0.992 2588.6 3955.4 2588.3 3943.7 2600.9 3943.4 2601.1 3955.2
P1234 0.991 2534.7 3999.3 2534.5 3988.3 2551.7 3988.0 2551.9 3999.0
P1234 0.991 2592.3 3940.2 2592.2 3929.3 2603.9 3929.2 2604.0 3940.1
P1234 0.991 2619.5 3976.2 2619.5 3965.0 2631.1 3965.1 2631.1 3976.3
P1234 0.99 2603.9 3941.9 2603.0 3930.9 2615.0 3930.0 2615.8 3941.0
P1234 0.99 2750.3 3068.4 2751.9 3057.6 2762.9 3059.3 2761.3 3070.1
P1234 0.99 2743.6 3034.0 2743.6 3021.7 2757.3 3021.7 2757.3 3034.0
P1234 0.99 3460.5 3155.0 3453.9 3100.2 3516.1 3092.8 3522.7 3147.6
P1234 0.989 2610.8 3959.2 2610.5 3948.3 2623.4 3948.0 2623.6 3958.9
P1234 0.989 2625.9 3947.0 2625.4 3935.7 2637.2 3935.2 2637.7 3946.4
P1234 0.986 2837.4 3215.9 2837.6 3204.7 2848.7 3205.0 2848.5 3216.1
P1234 0.986 1308.9 3345.2 1309.3 3331.9 1324.0 3332.3 1323.6 3345.7
P1234 0.986 2273.8 3708.8 2274.3 3694.7 2289.3 3695.2 2288.9 3709.3
P1234 0.985 3295.7 2960.3 3297.4 2900.8 3359.1 2902.6 3357.3 2962.0
P1234 0.985 1772.5 3908.9 1772.4 3892.9 1790.2 3892.8 1790.3 3908.7
P1234 0.985 1768.3 3851.4 1768.5 3838.1 1782.9 3838.3 1782.8 3851.5
P1234 0.984 2634.0 3962.9 2634.0 3952.4 2645.8 3952.4 2645.8 3962.9
P1234 0.981 3486.4 2997.7 3485.5 2938.4 3548.2 2937.5 3549.1 2996.8
P1234 0.98 2575.9 3967.7 2575.8 3957.1 2587.3 3956.9 2587.4 3967.5
P1234 0.979 1287.0 3331.3 1286.8 3313.9 1305.3 3313.7 1305.5 3331.1
P1234 0.978 2703.4 2970.4 2703.5 2961.9 2713.5 2962.1 2713.4 2970.5
P1234 0.973 1769.7 3925.3 1769.8 3909.9 1786.4 3910.0 1786.3 3925.4
P1234 0.972 2570.9 3937.8 2568.4 3926.2 2580.6 3923.6 2583.1 3935.2
P1234 0.97 3738.1 3999.7 3738.2 3989.3 3796.0 3990.0 3795.9 4000.3
P1234 0.968 2566.2 3950.5 2566.3 3938.9 2579.0 3939.0 2579.0 3950.6
P1234 0.966 3566.6 3015.9 3566.8 3000.4 3626.8 3001.2 3626.6 3016.7
P1234 0.964 2596.6 3972.2 2596.8 3961.1 2609.5 3961.4 2609.3 3972.5
P1234 0.956 2564.0 3967.2 2563.7 3954.6 2577.1 3954.4 2577.3 3966.9
P1234 0.949 2763.1 3061.2 2764.3 3051.3 2775.1 3052.7 2773.8 3062.6
P1234 0.938 2928.8 3089.9 2928.9 3080.9 2938.6 3080.9 2938.5 3089.9
P1234 0.936 1753.1 3848.0 1753.2 3835.3 1767.4 3835.4 1767.3 3848.1
P1234 0.935 2554.8 4000.0 2554.8 3991.7 2571.5 3991.7 2571.5 4000.0
P1234 0.93 2712.6 2972.8 2712.9 2965.1 2721.6 2965.4 2721.3 2973.2
P1234 0.929 2896.3 3059.1 2896.5 3044.2 2912.9 3044.4 2912.7 3059.3
P1234 0.872 3999.8 3259.6 3982.2 3259.6 3982.4 3223.6 3999.9 3223.7
P1234 0.872 2890.8 3157.9 2890.4 3148.2 2902.6 3147.7 2903.0 3157.4
P1234 0.864 2575.2 4000.0 2575.2 3994.8 2591.3 3994.7 2591.3 4000.0
P1234 0.847 3998.5 3991.7 3985.0 3990.7 3986.6 3969.0 4000.2 3970.0
P1234 0.834 1345.6 2406.0 1346.1 2397.6 1356.4 2398.2 1355.9 2406.6
P1234 0.805 1353.5 2395.9 1353.8 2386.7 1365.2 2387.0 1364.9 2396.3
P2709 1.0 1616.4 328.5 1624.9 296.9 1656.6 305.5 1648.1 337.1
P2709 1.0 1421.9 791.9 1422.1 739.4 1479.1 739.5 1478.9 792.0
P2709 1.0 1263.4 687.9 1264.0 619.6 1333.2 620.3 1332.5 688.6
P2709 1.0 1543.6 296.2 1543.4 265.4 1576.6 265.2 1576.9 296.0
P2709 1.0 1512.6 512.9 1511.3 448.0 1582.2 446.6 1583.5 511.5
P2709 1.0 1616.3 784.9 1616.1 755.7 1645.6 755.5 1645.7 784.7
P2709 1.0 1351.9 776.9 1352.0 728.8 1400.0 728.9 1399.9 777.0
P2709 1.0 1228.6 850.1 1228.5 780.3 1299.2 780.2 1299.3 850.0
P2709 1.0 1212.1 927.9 1211.4 861.5 1280.5 860.8 1281.2 927.2
P2709 1.0 1246.4 767.1 1247.8 699.0 1317.8 700.4 1316.4 768.6
P2709 1.0 1339.9 841.3 1339.1 788.7 1393.2 787.9 1394.0 840.5
P2709 1.0 1190.3 1006.2 1191.3 937.0 1265.2 938.0 1264.2 1007.3
P2709 1.0 1314.1 962.2 1313.5 910.5 1368.6 909.9 1369.2 961.6
P2709 1.0 1326.7 901.5 1326.3 850.9 1380.5 850.4 1380.9 901.0
P2709 1.0 1392.9 594.3 1393.1 541.8 1447.4 541.9 1447.3 594.4
P2709 1.0 1582.0 315.5 1581.2 283.0 1615.0 282.2 1615.7 314.7
P2709 1.0 1415.1 538.6 1416.5 468.7 1486.6 470.2 1485.2 540.0
P2709 1.0 1560.2 256.3 1559.0 230.1 1585.9 228.8 1587.2 255.0
P2709 1.0 1302.6 529.0 1301.9 462.5 1364.5 461.9 1365.2 528.3
P2709 1.0 2161.6 567.9 2162.5 532.8 2201.9 533.8 2201.0 568.9
P2709 1.0 2126.5 549.0 2127.0 515.9 2161.6 516.4 2161.1 549.5
P2709 1.0 2194.4 472.5 2223.2 455.6 2240.5 485.2 2211.7 502.0
P2709 1.0 2162.4 475.8 2161.3 443.2 2195.7 442.1 2196.8 474.7
P2709 1.0 2144.4 513.4 2144.0 479.5 2177.5 479.1 2177.9 513.0
P2709 1.0 1280.6 606.5 1281.8 540.8 1350.2 542.1 1348.9 607.7
P2709 1.0 1706.8 399.4 1706.6 378.6 1727.8 378.3 1728.0 399.2
P2709 1.0 1436.9 727.7 1436.8 676.2 1490.8 676.1 1490.9 727.7
P2709 1.0 1451.3 669.0 1450.4 615.8 1506.1 614.8 1507.0 668.0
P2709 1.0 1480.0 972.3 1480.4 948.6 1504.9 949.0 1504.6 972.8
P2709 1.0 1603.2 811.8 1603.8 785.5 1631.5 786.1 1631.0 812.4
P2709 1.0 452.6 968.4 493.1 967.6 493.9 1011.7 453.4 1012.4
P2709 1.0 460.6 1048.8 488.2 1017.1 518.8 1043.8 491.2 1075.5
P2709 1.0 431.1 1126.9 443.6 1088.9 483.5 1101.9 471.0 1139.9
P2709 1.0 1792.4 2145.5 1825.4 2110.1 1865.7 2147.7 1832.6 2183.0
P2709 1.0 1473.4 475.0 1473.3 440.4 1507.9 440.4 1507.9 474.9
P2709 1.0 1463.8 608.9 1464.1 556.8 1514.5 557.0 1514.2 609.1
P2709 1.0 1378.6 655.1 1379.3 603.4 1433.6 604.0 1433.0 655.8
P2709 1.0 1367.4 716.9 1367.5 665.2 1420.7 665.3 1420.6 717.1
P2709 1.0 1536.8 874.2 1563.9 856.6 1582.0 884.4 1555.0 902.0
P2709 1.0 1487.9 947.0 1487.9 918.4 1517.0 918.4 1517.0 947.0
P2709 1.0 1506.4 881.7 1505.8 847.9 1541.0 847.2 1541.7 881.0
P2709 1.0 392.6 1015.8 412.2 976.7 451.3 996.4 431.7 1035.4
P2709 1.0 1396.0 913.5 1395.7 859.9 1452.4 859.5 1452.7 913.1
P2709 1.0 1382.4 976.1 1383.2 919.7 1441.6 920.5 1440.8 976.9
P2709 1.0 1662.7 2314.7 1709.8 2299.9 1725.5 2349.7 1678.4 2364.5
P2709 1.0 1409.8 852.7 1409.5 800.6 1465.4 800.3 1465.6 852.4
P2709 1.0 410.5 1065.5 433.6 1032.6 469.0 1057.5 445.8 1090.3
P2709 0.999 1551.7 330.3 1551.6 308.6 1574.4 308.5 1574.5 330.2
P2709 0.999 1673.3 346.8 1673.8 324.9 1696.4 325.5 1695.9 347.3
P2709 0.999 711.1 59.7 711.2 35.1 737.2 35.2 737.1 59.8
P2709 0.999 1685.9 391.0 1686.0 369.1 1708.0 369.1 1707.9 391.1
P2709 0.999 1616.2 282.9 1617.4 257.3 1643.5 258.5 1642.3 284.1
P2709 0.999 1666.5 299.4 1680.6 278.0 1704.1 293.5 1690.0 314.9
P2709 0.999 1643.2 295.0 1645.2 271.1 1671.3 273.3 1669.3 297.2
P2709 0.999 1632.5 2278.9 1669.9 2278.6 1670.2 2317.5 1632.8 2317.8
P2709 0.999 1462.7 2071.8 1463.7 1969.6 1563.8 1970.6 1562.7 2072.8
P2709 0.999 1878.0 2000.0 1878.0 1983.1 1928.1 1983.1 1928.1 2000.0
P2709 0.999 1296.9 1023.5 1297.8 971.0 1356.8 972.1 1355.8 1024.6
P2709 0.999 2183.4 530.4 2183.8 499.3 2216.9 499.7 2216.5 530.9
P2709 0.999 1583.8 823.8 1583.5 802.6 1605.1 802.2 1605.4 823.5
P2709 0.999 1486.8 1033.4 1486.7 1014.0 1506.3 1013.9 1506.4 1033.3
P2709 0.999 1507.5 985.2 1507.6 961.7 1532.1 961.8 1532.0 985.2
P2709 0.999 1497.2 914.8 1497.5 885.4 1528.7 885.7 1528.4 915.1
P2709 0.999 1530.0 931.1 1530.0 901.8 1560.7 901.8 1560.7 931.1
P2709 0.999 2177.3 423.3 2176.5 402.0 2199.4 401.1 2200.2 422.5
P2709 0.998 1229.8 800.1 1229.7 778.3 1300.1 778.0 1300.2 799.9
P2709 0.998 2221.5 435.4 2200.4 436.1 2199.6 412.3 2220.7 411.6
P2709 0.998 2220.9 439.5 2231.7 421.6 2249.8 432.6 2239.0 450.4
P2709 0.998 1474.3 997.4 1474.5 976.7 1496.1 976.9 1495.8 997.6
P2709 0.997 1662.4 1996.5 1664.4 1963.7 1714.1 1966.8 1712.0 1999.6
P2709 0.997 1729.6 409.3 1729.2 389.2 1749.6 388.8 1750.1 408.9
P2709 0.997 1561.4 2119.6 1565.3 2018.4 1666.5 2022.3 1662.6 2123.4
P2709 0.997 1750.8 383.9 1750.5 367.1 1767.3 366.8 1767.6 383.6
P2709 0.997 1661.0 2172.1 1664.8 2069.4 1767.1 2073.2 1763.2 2175.9
P2709 0.997 1538.1 1920.0 1554.6 1892.7 1594.8 1917.1 1578.3 1944.4
P2709 0.996 1605.8 274.2 1584.1 259.9 1598.5 238.0 1620.2 252.2
P2709 0.996 1400.6 972.1 1382.3 972.3 1381.9 924.8 1400.1 924.7
P2709 0.996 1575.3 340.7 1575.2 319.6 1596.9 319.5 1597.0 340.6
P2709 0.996 1716.5 366.9 1716.2 350.9 1733.0 350.5 1733.4 366.5
P2709 0.996 1834.8 2116.1 1836.7 2054.8 1898.1 2056.8 1896.2 2118.0
P2709 0.995 1477.3 1052.8 1477.4 1035.1 1495.8 1035.2 1495.7 1052.9
P2709 0.994 1812.4 1995.4 1814.4 1953.2 1871.6 1955.9 1869.5 1998.2
P2709 0.994 1529.5 318.7 1530.0 298.1 1550.8 298.6 1550.3 319.2
P2709 0.994 903.7 615.3 902.2 588.7 929.8 587.2 931.3 613.8
P2709 0.993 1502.7 549.8 1502.2 514.7 1539.3 514.2 1539.8 549.3
P2709 0.993 1553.6 237.9 1539.7 237.6 1540.0 223.0 1553.9 223.3
P2709 0.992 1623.2 1920.8 1629.9 1861.9 1688.7 1868.6 1682.0 1927.4
P2709 0.991 53.8 183.2 65.8 182.7 66.3 195.5 54.4 196.0
P2709 0.991 1498.2 1008.4 1498.5 987.1 1521.0 987.3 1520.8 1008.6
P2709 0.99 1697.5 359.9 1697.4 342.5 1715.2 342.4 1715.3 359.8
P2709 0.99 1746.8 414.7 1755.7 395.5 1776.9 405.4 1768.0 424.5
P2709 0.989 1721.9 341.3 1720.6 329.5 1734.4 327.9 1735.7 339.8
P2709 0.988 1479.4 1903.1 1484.2 1877.1 1529.5 1885.4 1524.7 1911.4
P2709 0.986 1598.0 1958.1 1612.1 1927.4 1657.3 1948.2 1643.2 1978.9
P2709 0.984 1760.1 357.1 1762.2 346.3 1774.7 348.8 1772.6 359.6
P2709 0.983 1519.7 280.2 1519.8 265.1 1536.0 265.1 1536.0 280.3
P2709 0.982 1773.1 364.0 1775.4 352.2 1787.3 354.5 1785.1 366.3
P2709 0.982 1600.9 352.4 1600.6 332.7 1621.5 332.4 1621.8 352.1
P2709 0.981 1475.3 2000.6 1474.9 1972.0 1557.3 1970.7 1557.7 1999.4
P2709 0.979 1856.7 2015.7 1897.0 1975.3 1940.0 2018.3 1899.6 2058.6
P2709 0.974 1568.0 1866.9 1575.8 1831.2 1627.5 1842.6 1619.7 1878.3
P2709 0.974 39.4 187.0 51.7 187.0 51.7 200.0 39.4 200.0
P2709 0.974 1526.4 1934.4 1557.7 1919.5 1575.2 1956.1 1543.9 1971.1
P2709 0.973 1784.6 2061.2 1787.5 2023.0 1840.2 2027.1 1837.3 2065.2
P2709 0.973 1734.7 346.9 1734.5 335.3 1747.7 335.0 1747.9 346.7
P2709 0.97 1340.1 799.8 1340.2 785.7 1397.2 786.0 1397.1 800.2
P2709 0.965 1585.4 1970.5 1610.2 1946.1 1644.6 1981.1 1619.9 2005.5
P2709 0.963 1509.4 302.5 1509.7 285.9 1525.7 286.3 1525.3 302.8
P2709 0.96 1588.9 469.9 1592.6 451.0 1611.1 454.6 1607.5 473.5
P2709 0.957 1768.6 391.8 1768.5 375.7 1785.0 375.5 1785.2 391.6
P2709 0.951 1462.1 610.3 1462.0 601.9 1516.3 601.0 1516.4 609.4
P2709 0.946 1977.3 1892.1 1999.0 1890.3 2001.8 1922.2 1980.1 1924.0
P2709 0.944 1555.3 1871.7 1580.8 1845.8 1616.2 1880.6 1590.8 1906.5
P2709 0.921 1721.1 2006.1 1752.2 1983.7 1781.7 2024.4 1750.5 2046.9
P2709 0.921 1396.0 546.6 1398.7 546.4 1402.1 607.1 1399.4 607.2
P2709 0.918 107.4 141.6 134.7 137.1 140.7 173.3 113.4 177.8
P2709 0.91 1530.7 954.3 1530.8 937.3 1548.4 937.4 1548.3 954.4
P2709 0.9 1745.5 1987.4 1751.1 1949.5 1801.4 1956.9 1795.8 1994.8
P2709 0.896 1747.2 347.7 1753.3 339.2 1763.6 346.7 1757.5 355.2
P2709 0.866 1396.6 538.1 1401.8 538.4 1398.4 600.5 1393.3 600.2
P2709 0.849 88.4 180.2 90.5 163.8 105.9 165.7 103.9 182.1
P2709 0.828 1974.3 1923.3 1975.6 1863.3 2038.0 1864.7 2036.7 1924.6
P2709 0.813 1474.5 1930.6 1476.2 1900.5 1520.2 1903.0 1518.5 1933.1
