P2598 0.999 1182.1 1957.8 1182.4 1941.7 1214.7 1942.3 1214.5 1958.4
P2598 0.998 1556.5 123.6 1556.5 102.8 1597.2 102.8 1597.2 123.6
P2598 0.996 1443.7 124.4 1443.7 104.9 1482.5 105.0 1482.5 124.4
P2598 0.996 1397.9 123.6 1397.8 104.0 1438.3 103.8 1438.4 123.3
P2598 0.995 147.2 1658.4 152.7 1642.3 186.2 1653.8 180.7 1669.8
P2598 0.994 1508.3 126.6 1506.6 107.8 1549.4 103.9 1551.1 122.8
P2598 0.993 1340.1 123.0 1340.9 102.8 1380.7 104.3 1380.0 124.5
P2598 0.991 2264.4 51.3 2265.0 31.9 2309.9 33.2 2309.3 52.7
P2598 0.988 331.8 1422.3 348.2 1421.4 349.9 1454.0 333.5 1454.8
P2598 0.986 343.6 1374.5 323.4 1372.2 328.6 1327.0 348.8 1329.4
P2598 0.986 1930.9 61.0 1929.7 41.8 1963.9 39.6 1965.1 58.8
P2598 0.984 2192.2 1766.6 2193.4 1746.5 2238.5 1749.2 2237.2 1769.4
P2598 0.983 1330.7 65.8 1330.0 45.7 1371.3 44.3 1372.0 64.4
P2598 0.982 1137.6 125.5 1137.0 106.8 1173.6 105.6 1174.2 124.2
P2598 0.98 2325.7 49.8 2325.3 30.3 2356.4 29.7 2356.8 49.2
P2598 0.98 2032.9 59.7 2032.8 40.7 2071.9 40.7 2071.9 59.6
P2598 0.975 1647.6 62.5 1646.9 44.4 1683.2 42.9 1684.0 61.0
P2598 0.975 741.8 1977.3 742.4 1960.0 781.3 1961.4 780.7 1978.7
P2598 0.975 304.9 1421.9 321.7 1421.8 322.0 1456.2 305.2 1456.3
P2598 0.969 1840.7 119.1 1840.6 99.1 1881.7 99.0 1881.7 118.9
P2598 0.963 1864.8 66.9 1864.8 42.5 1931.3 42.7 1931.3 67.0
P2598 0.95 674.1 1951.5 681.7 1937.4 708.4 1951.9 700.8 1966.0
P2598 0.945 1541.1 0.7 1559.4 -0.9 1562.6 36.3 1544.4 37.9
P2598 0.945 372.3 1455.7 355.3 1454.6 357.3 1425.0 374.3 1426.1
P2598 0.93 1898.0 120.2 1896.9 97.1 1946.9 94.8 1947.9 118.0
P2598 0.929 748.8 1154.2 749.7 1129.4 796.4 1131.1 795.5 1155.8
P2598 0.887 1088.7 124.7 1088.5 106.2 1124.9 105.8 1125.1 124.3
P2598 0.879 2178.8 23.5 2188.4 3.9 2226.9 22.8 2217.3 42.4
P2598 0.873 1043.9 125.7 1044.1 107.0 1080.4 107.4 1080.2 126.1
P2598 0.861 2328.3 1748.9 2329.2 1731.5 2358.3 1733.0 2357.4 1750.4
P2598 0.844 424.3 1400.7 425.3 1381.7 467.2 1384.1 466.1 1403.1
P2598 0.841 255.8 1416.6 272.7 1415.1 275.6 1449.3 258.8 1450.7
P1088 0.994 193.3 614.3 193.3 597.4 230.8 597.3 230.9 614.2
P1088 0.989 193.4 592.6 193.4 575.8 230.6 575.7 230.7 592.5
P1088 0.963 189.7 1103.7 206.1 1103.2 207.2 1137.1 190.8 1137.6
P1088 0.932 190.7 754.5 190.8 738.1 226.9 738.3 226.8 754.8
P1088 0.907 123.9 732.1 138.9 731.4 140.3 766.4 125.3 767.1
P1088 0.859 195.5 686.0 195.1 668.5 244.9 667.4 245.3 684.8
P1888 0.988 643.3 265.9 653.1 265.0 655.1 285.6 645.3 286.6
P1888 0.938 654.6 285.8 664.4 285.2 665.7 305.8 655.9 306.4
P1888 0.92 653.2 262.9 662.9 262.0 664.9 284.5 655.2 285.3
P1888 0.848 652.8 372.3 664.5 372.1 665.0 396.5 653.3 396.7
P1888 0.817 664.2 261.3 673.3 260.3 675.8 282.5 666.6 283.5
P0706 0.814 907.8 881.9 897.7 873.2 917.3 850.2 927.4 858.8
