P0168 1.0 877.9 566.3 908.0 469.3 1030.3 507.1 1000.3 604.2
P0168 1.0 1319.3 1326.9 1336.0 1269.5 1403.2 1289.0 1386.5 1346.5
P0168 1.0 577.6 861.1 604.6 745.8 745.0 778.7 718.0 894.0
P0168 1.0 620.1 740.2 645.0 630.1 781.8 661.0 756.9 771.1
P0168 1.0 579.3 1088.2 602.3 964.1 755.8 992.5 732.8 1116.7
P0168 1.0 905.2 922.1 833.4 804.0 954.4 730.5 1026.2 848.6
P0168 1.0 1628.6 1092.9 1644.4 1004.7 1748.0 1023.3 1732.2 1111.5
P0168 1.0 872.8 469.9 899.6 375.9 1016.1 409.1 989.3 503.1
P0168 1.0 1318.9 1203.0 1341.6 1104.1 1466.3 1132.7 1443.7 1231.6
P0168 1.0 705.0 451.1 734.1 340.5 870.0 376.3 840.9 486.9
P0168 1.0 1345.6 1277.9 1355.5 1220.7 1419.2 1231.8 1409.3 1289.0
P0168 1.0 1380.0 994.5 1401.8 909.5 1519.1 939.6 1497.3 1024.6
P0168 0.999 1610.7 1113.8 1621.6 1072.2 1675.1 1086.1 1664.3 1127.7
P0168 0.999 1372.9 1111.8 1391.9 1047.6 1473.9 1071.8 1454.8 1136.1
P0168 0.999 695.8 654.0 713.3 566.5 833.2 590.5 815.7 678.0
P0168 0.999 1009.8 741.1 876.6 713.8 902.8 586.2 1035.9 613.6
P0168 0.999 904.3 693.0 784.7 651.7 828.2 525.6 947.8 566.8
P0168 0.999 753.2 799.3 769.9 710.4 883.6 731.8 866.9 820.6
P0168 0.999 906.3 803.4 908.7 753.9 974.8 757.1 972.4 806.6
P0168 0.999 663.3 579.8 688.4 480.1 823.1 514.1 798.0 613.7
P0168 0.999 1435.2 790.2 1449.8 733.3 1514.1 749.8 1499.5 806.7
P0168 0.999 1726.5 975.0 1652.1 911.3 1723.2 828.4 1797.5 892.1
P0168 0.999 1785.9 686.0 1702.9 670.5 1718.6 586.2 1801.6 601.6
P0168 0.999 1711.9 695.9 1669.7 678.6 1690.8 626.9 1733.0 644.1
P0168 0.999 1675.0 789.8 1678.6 730.5 1752.8 735.1 1749.1 794.4
P0168 0.999 1434.3 923.8 1445.3 857.8 1511.2 868.8 1500.2 934.8
P0168 0.999 1459.4 735.3 1473.4 672.1 1535.1 685.7 1521.2 748.9
P0168 0.999 1844.9 754.3 1756.3 726.7 1784.6 635.5 1873.3 663.1
P0168 0.999 1657.8 731.9 1718.9 634.7 1814.2 694.6 1753.1 791.8
P0168 0.997 1448.4 1031.2 1442.7 1001.3 1484.5 993.4 1490.1 1023.3
P0168 0.994 1710.2 837.8 1706.4 789.8 1796.0 782.9 1799.7 830.9
P0168 0.99 1662.2 993.5 1666.0 960.6 1706.8 965.3 1703.0 998.2
P0168 0.989 1628.3 1178.3 1630.5 1140.3 1671.7 1142.6 1669.5 1180.7
P0168 0.982 1417.6 1073.0 1427.5 1024.4 1489.8 1037.1 1479.8 1085.7
P0168 0.98 1758.9 798.1 1763.0 770.6 1840.6 782.1 1836.5 809.6
P0168 0.962 1621.1 1240.8 1623.1 1215.9 1656.7 1218.6 1654.7 1243.5
P0168 0.95 1597.2 1275.3 1592.4 1242.7 1636.9 1236.2 1641.7 1268.9
P0168 0.934 1401.5 1103.4 1374.6 1098.5 1382.4 1055.9 1409.2 1060.8
P1088 1.0 560.0 1261.0 597.6 1156.0 707.1 1195.1 669.5 1300.2
P1088 1.0 538.0 272.5 538.6 221.3 618.0 222.3 617.3 273.5
P1088 1.0 525.1 1859.9 433.7 1725.7 569.7 1633.0 661.1 1767.2
P1088 1.0 727.6 541.3 732.3 475.2 809.8 480.7 805.2 546.8
P1088 1.0 354.1 269.7 352.4 222.9 411.1 220.7 412.8 267.5
P1088 1.0 430.2 538.3 432.8 477.5 511.8 480.9 509.1 541.8
P1088 1.0 743.2 283.1 738.7 225.9 799.6 221.1 804.0 278.3
P1088 1.0 529.0 545.3 530.1 484.7 615.9 486.2 614.9 546.8
P1088 1.0 323.9 543.2 319.2 479.4 405.6 473.1 410.3 536.9
P1088 1.0 239.6 273.5 237.5 216.7 320.1 213.7 322.2 270.5
P1088 1.0 412.5 895.4 413.0 813.3 499.6 813.8 499.1 895.9
P1088 1.0 251.4 904.2 264.9 784.3 394.5 798.9 381.1 918.8
P1088 1.0 537.9 908.6 533.4 794.5 664.8 789.4 669.2 903.5
P1088 1.0 1036.3 1826.5 949.1 1672.2 1117.2 1577.2 1204.4 1731.5
P1088 1.0 765.6 1311.8 742.2 1189.9 871.7 1165.1 895.1 1287.0
P1088 1.0 839.3 282.1 838.9 225.2 920.8 224.8 921.1 281.6
P1088 1.0 1035.6 281.9 1038.9 224.9 1122.9 229.7 1119.6 286.7
P1088 1.0 1238.9 109.3 1179.7 110.0 1178.7 22.2 1237.9 21.5
P1088 1.0 631.6 539.3 629.8 483.1 713.1 480.5 714.9 536.7
P1088 1.0 943.3 549.0 944.8 491.6 1032.0 493.9 1030.5 551.3
P1088 1.0 839.0 544.7 840.0 487.3 920.0 488.7 919.0 546.1
P1088 1.0 939.2 276.3 941.8 225.3 1018.7 229.2 1016.2 280.2
P1088 0.986 754.5 1200.0 798.6 1196.4 807.4 1303.5 763.3 1307.1
P1088 0.982 817.4 544.2 795.1 542.5 799.2 490.9 821.5 492.6
P1088 0.975 615.7 550.0 599.2 549.5 601.3 486.5 617.8 487.1
P1088 0.949 621.1 293.5 599.9 293.5 599.9 220.6 621.1 220.6
P1088 0.864 727.6 1278.3 723.5 1235.6 834.9 1224.7 839.1 1267.5
P1088 0.819 628.2 1815.9 598.0 1815.1 601.7 1679.3 631.9 1680.1
P2709 0.921 1798.7 2367.8 1830.8 2362.1 1839.6 2411.5 1807.5 2417.3
