P2709 0.933 2577.9 814.2 2568.1 808.7 2586.2 777.1 2596.0 782.6
P2709 0.881 1263.6 2227.6 1254.6 2223.6 1279.6 2167.7 1288.7 2171.8
P1888 0.999 365.3 453.9 376.7 452.2 383.1 495.2 371.7 496.9
P1888 0.999 317.5 458.5 329.7 456.9 335.4 500.3 323.2 501.9
P1888 0.999 341.9 456.2 353.0 454.7 358.8 496.6 347.7 498.2
P1888 0.998 352.8 454.8 364.4 453.1 370.6 495.5 359.1 497.2
P1888 0.998 488.0 318.1 499.3 316.3 507.3 365.0 496.0 366.8
P1888 0.998 462.8 319.9 473.8 318.5 479.9 367.3 468.9 368.7
P1888 0.998 379.9 331.3 390.8 329.7 397.8 378.9 386.9 380.5
P1888 0.998 449.4 323.8 461.0 322.3 467.1 369.9 455.5 371.4
P1888 0.997 393.5 330.0 405.8 328.8 411.0 378.1 398.7 379.4
P1888 0.997 353.2 335.0 365.8 333.8 370.6 382.3 357.9 383.6
P1888 0.997 417.6 450.7 428.9 448.9 436.2 493.8 424.9 495.6
P1888 0.997 420.0 326.2 431.7 324.4 438.8 373.3 427.2 375.0
P1888 0.997 429.2 447.8 440.7 445.8 447.9 488.3 436.5 490.2
P1888 0.997 441.8 446.6 453.0 445.3 457.6 485.9 446.4 487.1
P1888 0.997 475.2 320.6 486.2 318.9 493.6 367.0 482.6 368.7
P1888 0.996 402.9 451.0 414.9 449.2 422.0 495.0 410.0 496.8
P1888 0.996 400.2 209.4 411.8 207.9 417.8 252.4 406.2 253.9
P1888 0.996 339.8 334.4 351.7 333.4 356.1 384.5 344.2 385.6
P1888 0.995 406.8 328.4 419.2 326.6 426.5 376.3 414.2 378.1
P1888 0.995 284.9 343.1 296.4 341.6 302.9 390.8 291.4 392.3
P1888 0.995 311.5 340.8 323.9 339.3 329.8 387.2 317.4 388.7
P1888 0.994 196.7 202.0 207.9 202.2 207.0 244.3 195.8 244.1
P1888 0.994 467.8 441.5 479.6 439.7 486.1 482.0 474.4 483.8
P1888 0.994 455.4 443.8 465.8 442.8 469.9 483.9 459.5 484.9
P1888 0.994 367.3 333.1 379.2 332.0 384.1 381.8 372.2 382.9
P1888 0.994 303.5 221.5 316.3 220.4 320.2 266.1 307.4 267.2
P1888 0.993 292.4 466.2 302.9 464.8 308.6 506.5 298.1 507.9
P1888 0.993 280.2 468.6 291.9 467.2 296.8 507.6 285.1 509.0
P1888 0.993 434.4 324.6 446.8 323.4 451.9 372.9 439.5 374.2
P1888 0.992 325.3 219.7 337.0 218.3 342.1 261.8 330.4 263.1
P1888 0.992 272.1 345.5 283.6 344.4 288.7 393.8 277.2 395.0
P1888 0.992 501.1 315.4 512.6 313.8 519.5 362.2 508.1 363.8
P1888 0.991 439.3 206.6 450.6 205.4 455.3 247.1 444.0 248.4
P1888 0.991 298.8 341.7 310.8 340.5 315.8 390.7 303.8 391.8
P1888 0.991 324.4 339.8 336.3 338.1 342.7 385.6 330.8 387.2
P1888 0.99 488.0 173.4 498.8 172.0 504.6 214.5 493.8 216.0
P1888 0.989 426.6 208.4 437.8 207.3 441.9 250.2 430.7 251.3
P1888 0.988 303.4 463.2 314.8 461.7 320.5 504.2 309.1 505.7
P1888 0.988 289.6 225.4 301.3 223.8 307.2 266.7 295.5 268.3
P1888 0.986 364.7 216.6 376.1 215.7 379.3 257.1 367.9 257.9
P1888 0.985 276.7 220.1 287.5 218.8 292.8 262.5 282.0 263.8
P1888 0.983 501.4 172.2 512.5 171.1 516.9 213.4 505.8 214.5
P1888 0.981 337.1 219.5 349.4 217.4 357.0 261.1 344.8 263.2
P1888 0.98 463.4 203.8 474.4 202.2 480.9 244.9 469.9 246.5
P1888 0.978 352.1 217.8 364.1 216.6 368.6 260.1 356.6 261.3
P1888 0.976 474.3 173.9 485.2 172.5 491.2 217.7 480.3 219.2
P1888 0.976 378.7 455.0 390.7 453.2 397.3 496.6 385.3 498.4
P1888 0.966 451.1 205.4 462.3 204.2 467.0 245.5 455.9 246.8
P1888 0.964 516.7 176.1 527.0 175.4 529.6 214.1 519.3 214.8
P1888 0.954 390.3 453.5 402.8 451.4 410.5 496.5 397.9 498.6
P2598 0.88 1470.0 40.6 1450.9 40.0 1452.2 0.9 1471.3 1.5
P2598 0.873 316.6 1371.3 289.9 1370.0 292.4 1316.8 319.0 1318.0
P1088 0.997 196.6 454.5 196.6 434.4 267.1 434.5 267.1 454.6
P1088 0.996 181.0 407.7 181.3 385.7 259.9 386.7 259.7 408.7
