P1234 0.999 3795.5 516.7 3817.7 502.1 3854.8 558.2 3832.6 572.9
P1234 0.999 3040.0 2493.1 3031.7 2477.6 3089.9 2446.4 3098.2 2461.8
P1234 0.999 3737.0 804.2 3750.2 783.6 3832.7 836.2 3819.5 856.9
P1234 0.998 3366.2 385.9 3376.7 364.1 3447.7 398.4 3437.1 420.2
P1234 0.996 3288.9 487.9 3303.8 467.5 3365.0 512.2 3350.1 532.6
P1234 0.993 3924.5 734.1 3939.0 715.3 4004.7 766.0 3990.1 784.9
P1234 0.992 3258.2 401.1 3269.1 386.1 3329.8 430.1 3319.0 445.1
P1234 0.991 1345.9 1685.4 1333.1 1667.8 1398.6 1620.3 1411.3 1637.9
P1234 0.989 2561.9 344.9 2575.5 321.4 2669.5 375.9 2655.9 399.4
P1234 0.987 962.9 924.2 948.1 904.3 1016.4 853.6 1031.2 873.5
P1234 0.985 3580.6 483.4 3592.0 468.0 3650.0 510.9 3638.6 526.3
P1234 0.974 1880.4 1799.3 1886.4 1791.4 1907.5 1807.2 1901.5 1815.2
P1234 0.961 1662.7 1625.2 1682.9 1609.0 1736.9 1676.3 1716.6 1692.5
P1234 0.957 3492.3 581.0 3505.6 561.4 3558.1 597.1 3544.7 616.7
P1234 0.956 1672.4 1614.1 1691.9 1597.0 1751.4 1665.0 1731.8 1682.1
P1234 0.954 850.9 1008.9 837.2 991.6 925.3 922.0 939.0 939.3
P1234 0.935 861.7 1019.7 848.0 1002.1 932.1 936.7 945.8 954.3
P1234 0.921 1153.4 950.4 1163.5 943.7 1184.3 974.8 1174.2 981.5
P1234 0.911 970.7 935.1 956.3 916.4 1028.8 860.5 1043.2 879.2
P1234 0.889 2708.5 720.0 2716.1 707.4 2774.1 742.6 2766.5 755.2
P1234 0.857 1173.0 1000.8 1179.0 995.2 1195.2 1012.6 1189.2 1018.2
P0706 0.999 505.9 302.6 495.9 292.5 523.9 264.9 533.8 274.9
P0706 0.999 644.8 441.3 633.8 431.8 659.3 402.0 670.3 411.5
P0706 0.999 635.7 429.8 625.0 421.3 647.4 393.1 658.1 401.6
P0706 0.998 614.6 412.9 603.5 403.7 628.9 373.0 640.0 382.1
P0706 0.998 467.0 654.3 457.6 645.8 481.4 619.5 490.8 628.0
P0706 0.998 429.7 376.4 420.4 366.6 447.2 341.1 456.5 350.9
P0706 0.998 616.2 209.6 607.5 201.3 629.2 178.4 638.0 186.7
P0706 0.998 450.5 396.6 440.1 388.8 463.5 357.4 473.9 365.1
P0706 0.997 327.4 1115.8 314.2 1103.6 362.4 1051.5 375.6 1063.7
P0706 0.997 702.2 738.1 690.4 728.3 719.0 693.7 730.9 703.5
P0706 0.997 416.8 838.2 406.0 829.0 432.0 798.6 442.7 807.7
P0706 0.997 339.8 759.9 330.6 750.9 358.1 722.4 367.4 731.4
P0706 0.997 603.2 402.3 593.2 393.9 617.1 365.7 627.1 374.2
P0706 0.997 563.4 750.0 554.2 740.1 585.0 711.5 594.2 721.5
P0706 0.997 149.9 667.8 138.6 656.3 170.7 624.7 182.0 636.2
P0706 0.997 804.8 612.8 794.6 602.5 825.1 572.2 835.3 582.4
P0706 0.996 347.4 614.5 338.1 605.2 363.2 579.8 372.5 589.1
P0706 0.996 303.4 580.0 292.0 568.9 323.4 536.4 334.8 547.4
P0706 0.996 582.4 772.8 573.0 763.6 600.7 735.6 610.0 744.8
P0706 0.996 682.3 483.5 670.9 473.6 698.9 441.2 710.3 451.1
P0706 0.996 690.9 721.8 681.8 710.7 709.4 687.9 718.6 699.1
P0706 0.996 380.9 563.9 369.0 554.6 394.0 522.5 405.9 531.9
P0706 0.996 1029.1 1072.2 1039.5 1056.2 1093.6 1091.5 1083.2 1107.5
P0706 0.996 703.3 416.4 694.6 407.5 718.6 384.0 727.4 392.9
P0706 0.996 368.9 398.5 358.8 389.1 385.6 360.1 395.8 369.5
P0706 0.996 839.5 432.4 830.3 424.6 850.1 401.0 859.3 408.8
P0706 0.995 660.2 694.6 652.2 685.3 679.0 662.5 686.9 671.7
P0706 0.995 587.4 859.4 578.7 849.0 607.4 825.2 616.1 835.7
P0706 0.995 1004.2 1098.9 1016.1 1081.4 1073.0 1120.0 1061.1 1137.5
P0706 0.995 552.6 975.8 543.3 967.7 568.3 939.1 577.6 947.3
P0706 0.995 535.7 722.5 525.1 713.3 550.4 683.9 561.0 693.1
P0706 0.995 543.6 733.1 534.2 722.2 565.4 695.3 574.8 706.1
P0706 0.995 883.8 472.9 874.4 464.9 893.9 442.0 903.3 450.0
P0706 0.995 527.7 322.7 516.6 313.3 541.0 284.2 552.2 293.6
P0706 0.995 40.5 786.4 30.9 775.7 65.7 744.6 75.3 755.3
P0706 0.995 457.7 641.6 448.1 632.2 474.9 604.8 484.5 614.2
P0706 0.995 497.1 289.1 487.4 279.1 516.0 251.3 525.7 261.4
P0706 0.994 436.4 621.0 427.3 612.3 453.0 585.4 462.1 594.1
P0706 0.994 632.0 228.1 622.7 217.3 650.1 193.8 659.4 204.6
P0706 0.994 414.8 451.8 404.3 440.9 435.4 410.9 445.9 421.8
P0706 0.994 833.1 986.6 847.1 972.1 898.2 1021.2 884.3 1035.7
P0706 0.994 197.5 713.0 185.7 703.1 214.0 669.5 225.8 679.5
P0706 0.994 703.1 504.2 691.7 495.4 717.1 462.7 728.5 471.5
P0706 0.994 510.4 454.9 500.1 446.0 524.8 417.6 535.1 426.5
P0706 0.994 1054.0 779.0 1064.5 768.4 1100.2 803.6 1089.7 814.2
P0706 0.994 396.2 426.8 387.0 417.1 416.0 389.7 425.2 399.4
P0706 0.994 943.5 893.8 958.1 881.7 1000.6 933.1 986.0 945.2
P0706 0.994 486.6 281.6 477.2 272.6 503.4 244.8 512.9 253.8
P0706 0.994 590.0 393.4 580.4 383.4 609.3 355.7 618.9 365.7
P0706 0.994 677.3 397.5 668.0 388.8 693.7 361.8 702.9 370.6
P0706 0.994 403.9 441.3 393.3 430.3 425.6 399.2 436.2 410.2
P0706 0.994 733.7 682.9 724.0 674.8 750.5 643.4 760.1 651.5
P0706 0.993 649.0 681.7 641.0 670.0 670.7 649.9 678.7 661.7
P0706 0.993 718.2 520.2 709.1 510.2 737.7 484.0 746.9 494.0
P0706 0.993 398.6 585.1 388.6 575.0 417.1 546.5 427.2 556.6
P0706 0.993 776.0 366.7 766.0 358.4 786.1 334.2 796.1 342.5
P0706 0.993 663.0 460.6 652.3 451.6 677.5 421.8 688.1 430.8
P0706 0.993 757.7 862.4 768.5 852.8 796.9 884.4 786.1 894.1
P0706 0.993 904.0 501.6 895.8 494.3 917.8 469.5 926.1 476.8
P0706 0.993 390.7 570.2 380.9 560.1 412.0 530.1 421.8 540.2
P0706 0.993 632.3 663.4 623.6 654.6 647.6 631.1 656.3 640.0
P0706 0.993 451.3 493.3 440.8 482.5 473.5 451.1 483.9 461.9
P0706 0.993 488.2 1041.8 502.2 1027.8 549.8 1075.4 535.8 1089.4
P0706 0.993 495.9 679.4 486.1 671.2 509.1 643.9 518.8 652.1
P0706 0.992 827.3 420.4 819.2 411.1 842.9 390.5 851.0 399.8
P0706 0.992 791.1 587.9 781.6 579.8 804.7 552.8 814.2 560.9
P0706 0.992 869.6 947.4 880.9 935.9 925.5 979.6 914.3 991.1
P0706 0.992 586.0 169.1 578.1 160.3 599.3 141.3 607.2 150.1
P0706 0.992 524.9 712.5 514.7 702.4 544.7 672.1 554.9 682.2
P0706 0.992 874.9 594.2 866.2 585.5 890.3 561.5 899.0 570.2
P0706 0.992 737.8 161.0 731.1 153.7 753.9 132.7 760.6 140.0
P0706 0.991 673.5 273.9 662.4 265.1 685.2 236.5 696.3 245.4
P0706 0.991 900.2 423.9 892.5 415.2 916.5 394.2 924.2 402.9
P0706 0.991 811.4 406.8 803.8 396.8 829.5 377.4 837.1 387.4
P0706 0.991 435.4 705.1 425.7 697.2 448.5 669.0 458.3 676.9
P0706 0.991 488.2 516.5 477.6 508.0 500.2 479.7 510.8 488.2
P0706 0.991 292.7 553.6 282.9 544.9 306.5 518.4 316.3 527.1
P0706 0.991 233.3 494.9 223.4 485.8 248.3 458.4 258.3 467.5
P0706 0.991 394.4 91.3 405.3 79.5 444.3 115.4 433.5 127.2
P0706 0.991 531.3 801.8 521.7 791.5 549.2 765.8 558.8 776.1
P0706 0.991 658.9 249.2 649.3 241.1 669.5 217.2 679.1 225.4
P0706 0.991 254.9 766.7 243.7 757.5 270.4 725.1 281.6 734.3
P0706 0.991 710.1 748.6 699.6 739.3 727.5 707.9 738.0 717.2
P0706 0.991 630.1 821.2 621.8 812.4 648.2 787.2 656.5 795.9
P0706 0.991 381.0 900.6 370.6 889.5 402.3 860.0 412.7 871.1
P0706 0.991 343.5 1161.0 334.7 1145.4 386.8 1115.9 395.6 1131.4
P0706 0.99 583.6 378.1 574.3 368.2 601.7 342.8 611.0 352.7
P0706 0.99 784.0 503.4 776.0 495.4 799.3 472.0 807.2 480.0
P0706 0.99 533.4 474.8 523.1 466.6 547.7 435.9 558.0 444.2
P0706 0.99 365.1 633.3 355.5 623.0 383.4 597.2 392.9 607.5
P0706 0.99 518.8 794.7 508.3 783.9 538.1 754.7 548.7 765.4
P0706 0.99 766.9 181.2 758.6 174.0 777.4 152.5 785.7 159.8
P0706 0.99 332.6 515.4 322.1 504.7 354.9 472.4 365.4 483.1
P0706 0.99 676.6 620.8 667.3 611.9 692.2 585.9 701.5 594.8
P0706 0.99 539.3 816.1 529.7 807.5 553.8 780.6 563.3 789.1
P0706 0.989 406.1 926.2 393.1 915.0 423.3 880.0 436.3 891.2
P0706 0.989 467.6 744.2 459.3 734.0 486.4 711.9 494.7 722.1
P0706 0.989 465.1 505.2 454.5 495.6 481.1 466.1 491.7 475.7
P0706 0.989 409.3 591.7 400.5 582.8 428.7 555.0 437.5 563.9
P0706 0.989 357.9 775.7 349.1 766.5 373.5 743.2 382.3 752.4
P0706 0.988 231.5 650.5 221.7 643.2 243.2 614.7 253.0 622.1
P0706 0.988 539.6 968.8 529.2 959.0 559.1 927.3 569.5 937.1
P0706 0.988 567.0 842.3 558.0 832.9 585.1 807.1 594.1 816.5
P0706 0.988 826.5 629.6 817.2 620.2 845.6 592.1 855.0 601.5
P0706 0.988 684.9 634.7 675.2 624.8 701.7 598.7 711.5 608.6
P0706 0.988 349.5 533.9 340.4 525.2 364.1 500.3 373.2 509.0
P0706 0.988 915.9 437.0 908.2 428.8 928.7 409.6 936.3 417.9
P0706 0.988 454.0 881.0 442.5 871.9 466.0 842.3 477.5 851.4
P0706 0.988 470.1 417.3 460.2 407.4 489.2 378.2 499.1 388.1
P0706 0.988 788.7 1028.4 803.4 1015.5 853.7 1072.4 839.1 1085.3
P0706 0.988 549.4 494.1 539.0 484.8 563.3 457.5 573.7 466.7
P0706 0.988 621.5 337.1 613.0 328.4 637.9 303.8 646.5 312.5
P0706 0.988 229.2 743.2 218.0 731.9 248.7 701.5 259.9 712.8
P0706 0.987 359.9 880.3 348.9 869.5 381.7 835.9 392.7 846.7
P0706 0.987 349.3 378.4 339.8 368.2 369.7 340.2 379.2 350.3
P0706 0.987 741.8 333.6 732.2 325.6 754.1 299.2 763.7 307.2
P0706 0.987 383.2 406.3 372.1 397.0 395.9 368.6 407.0 377.9
P0706 0.987 883.7 937.8 895.3 926.4 938.8 970.5 927.3 981.9
P0706 0.987 712.0 665.3 703.0 656.0 727.8 632.0 736.8 641.3
P0706 0.987 429.7 63.0 442.0 54.0 469.0 91.3 456.6 100.3
P0706 0.987 647.4 361.4 637.9 352.9 659.9 328.4 669.3 336.8
P0706 0.987 557.7 150.5 548.4 141.0 575.2 114.9 584.5 124.4
P0706 0.987 335.8 159.2 346.9 148.6 379.6 183.0 368.5 193.6
P0706 0.987 489.6 435.1 479.3 424.8 507.2 396.9 517.5 407.2
P0706 0.986 361.3 544.3 351.2 534.5 378.1 506.8 388.2 516.6
P0706 0.986 1024.7 1087.7 1034.6 1073.5 1081.9 1106.6 1071.9 1120.8
P0706 0.986 575.7 603.3 566.9 594.3 594.4 567.3 603.3 576.4
P0706 0.986 27.2 459.9 36.4 450.6 70.6 484.4 61.4 493.7
P0706 0.986 985.8 413.6 978.7 404.2 1004.0 384.9 1011.1 394.2
P0706 0.985 710.0 228.9 701.8 221.0 722.3 199.6 730.5 207.5
P0706 0.985 795.9 508.7 788.0 500.4 812.3 477.3 820.2 485.6
P0706 0.985 518.2 312.1 507.8 303.6 530.3 276.1 540.7 284.7
P0706 0.985 151.8 571.8 141.4 563.7 162.6 536.6 173.0 544.7
P0706 0.985 314.4 1099.2 305.6 1090.2 335.4 1060.8 344.2 1069.8
P0706 0.985 415.9 602.9 407.2 594.1 429.4 572.2 438.0 581.0
P0706 0.985 498.8 209.9 490.4 201.6 515.0 176.6 523.4 185.0
P0706 0.985 471.5 901.1 461.6 892.1 487.8 863.5 497.7 872.5
P0706 0.985 669.4 860.1 660.8 851.5 686.4 826.1 695.0 834.7
P0706 0.985 583.6 616.9 574.4 607.5 601.5 581.1 610.7 590.5
P0706 0.984 650.3 840.1 642.1 832.1 666.2 807.2 674.4 815.2
P0706 0.984 602.0 120.6 594.3 110.6 618.5 92.2 626.1 102.2
P0706 0.983 392.0 415.7 382.0 405.7 407.4 380.3 417.4 390.2
P0706 0.983 673.8 468.3 663.9 459.0 689.2 432.1 699.1 441.4
P0706 0.983 829.3 541.6 820.6 534.8 839.5 510.5 848.2 517.2
P0706 0.983 418.9 366.0 409.9 356.8 437.6 329.7 446.6 338.9
P0706 0.983 879.4 308.2 871.9 298.4 899.6 277.3 907.1 287.2
P0706 0.983 528.9 958.6 519.2 949.6 544.2 922.6 553.9 931.6
P0706 0.983 224.2 639.9 213.9 631.8 238.9 599.8 249.3 607.9
P0706 0.983 744.5 690.9 734.8 683.1 759.1 652.8 768.8 660.6
P0706 0.983 289.0 711.8 278.5 702.6 305.8 671.2 316.3 680.4
P0706 0.983 307.9 496.3 298.5 484.9 330.7 458.3 340.1 469.7
P0706 0.982 489.1 3.6 500.8 -6.9 530.2 25.9 518.4 36.4
P0706 0.982 601.6 632.1 593.7 622.9 621.3 599.5 629.1 608.7
P0706 0.982 773.0 563.1 764.0 554.2 787.8 530.0 796.8 538.9
P0706 0.982 778.0 579.9 768.5 570.3 796.3 542.8 805.8 552.4
P0706 0.982 258.8 523.8 249.4 512.9 279.6 486.7 289.0 497.6
P0706 0.982 478.2 661.9 468.3 652.5 496.8 622.2 506.8 631.6
P0706 0.982 330.3 1129.6 321.6 1119.3 354.5 1091.3 363.3 1101.6
P0706 0.982 646.3 594.5 635.6 586.4 659.6 554.7 670.3 562.7
P0706 0.981 837.2 363.9 828.8 355.2 851.3 333.5 859.6 342.1
P0706 0.981 728.0 443.0 720.4 433.8 744.3 413.8 752.0 422.9
P0706 0.981 492.2 1014.6 481.7 1005.8 509.6 972.4 520.2 981.2
P0706 0.981 592.7 779.7 584.2 770.9 612.4 743.6 620.8 752.3
P0706 0.981 571.8 762.4 562.4 753.9 587.6 726.5 596.9 735.0
P0706 0.981 599.4 539.2 592.2 530.8 615.4 511.0 622.5 519.4
P0706 0.981 164.5 580.3 153.6 571.3 184.6 533.5 195.5 542.4
P0706 0.981 490.7 919.2 482.3 910.6 505.9 887.5 514.4 896.2
P0706 0.981 540.4 0.3 548.6 -7.7 565.2 9.1 557.0 17.2
P0706 0.981 624.6 419.4 614.6 411.1 639.0 382.0 648.9 390.3
P0706 0.98 671.6 705.7 661.9 695.8 689.0 669.4 698.7 679.3
P0706 0.98 261.1 780.5 250.3 769.4 283.1 737.5 293.9 748.6
P0706 0.979 743.1 458.4 735.5 449.6 758.9 429.4 766.5 438.2
P0706 0.979 1072.9 1017.1 1081.3 1002.6 1118.8 1024.2 1110.4 1038.7
P0706 0.979 86.5 812.3 74.5 801.0 97.4 776.7 109.4 788.0
P0706 0.979 632.6 152.0 626.1 142.6 649.3 126.7 655.7 136.0
P0706 0.979 580.9 154.5 574.4 146.7 591.5 132.4 598.1 140.2
P0706 0.978 816.9 924.0 827.7 913.9 853.7 941.8 842.9 951.8
P0706 0.978 275.3 548.6 264.8 537.1 297.3 507.5 307.8 519.0
P0706 0.978 240.5 660.3 229.4 651.7 254.6 619.2 265.7 627.8
P0706 0.978 338.6 605.2 328.3 596.1 354.8 566.2 365.1 575.3
P0706 0.978 936.1 463.5 927.5 455.0 950.9 431.5 959.5 440.1
P0706 0.978 441.0 52.8 452.6 44.6 479.2 82.1 467.6 90.3
P0706 0.977 498.5 526.1 488.8 516.8 514.4 490.4 524.0 499.7
P0706 0.977 302.2 717.5 292.4 707.6 319.9 680.3 329.7 690.2
P0706 0.977 890.1 416.8 882.2 407.7 905.2 388.1 913.0 397.2
P0706 0.977 300.9 482.0 290.9 471.1 321.3 443.0 331.4 453.9
P0706 0.977 280.6 700.6 269.9 692.0 294.7 661.1 305.4 669.7
P0706 0.977 1054.0 1028.3 1062.7 1012.7 1114.8 1041.7 1106.2 1057.2
P0706 0.977 547.7 575.5 537.5 567.3 559.2 540.3 569.4 548.5
P0706 0.976 433.1 860.1 422.7 852.0 445.9 822.6 456.2 830.7
P0706 0.976 406.5 807.4 397.5 799.4 413.1 781.7 422.1 789.7
P0706 0.976 376.5 801.1 366.0 792.4 392.1 761.0 402.6 769.7
P0706 0.975 386.3 651.9 376.7 642.0 402.6 616.7 412.2 626.5
P0706 0.975 960.5 557.1 953.1 548.4 977.2 527.9 984.6 536.6
P0706 0.975 695.3 488.1 685.8 479.2 710.8 452.6 720.2 461.4
P0706 0.974 851.8 449.1 843.5 438.6 872.0 416.0 880.3 426.5
P0706 0.974 662.7 377.9 653.6 369.4 677.6 343.7 686.7 352.2
P0706 0.973 621.0 810.2 611.7 800.8 639.8 773.1 649.1 782.5
P0706 0.973 866.2 393.6 858.8 386.0 880.0 365.5 887.4 373.2
P0706 0.972 759.4 476.9 751.4 469.5 771.4 447.6 779.4 455.0
P0706 0.972 612.4 645.1 603.3 635.2 633.1 608.0 642.2 617.9
P0706 0.972 805.8 936.5 815.6 927.9 837.0 952.3 827.2 960.9
P0706 0.972 373.2 113.1 385.4 101.6 423.3 141.9 411.0 153.4
P0706 0.972 392.6 335.0 383.7 326.6 409.9 298.4 418.9 306.8
P0706 0.972 710.7 429.1 701.2 419.9 726.0 394.1 735.5 403.3
P0706 0.971 508.4 690.1 497.0 680.5 522.3 650.5 533.7 660.0
P0706 0.971 475.2 14.1 486.5 3.4 525.9 44.6 514.6 55.4
P0706 0.971 393.5 910.3 383.0 899.5 413.0 870.3 423.5 881.2
P0706 0.971 661.3 615.0 652.3 605.5 680.6 578.7 689.5 588.2
P0706 0.971 687.8 207.2 679.2 199.5 699.3 177.2 707.9 184.9
P0706 0.971 503.4 772.4 493.5 763.2 520.1 734.5 530.0 743.7
P0706 0.97 565.3 595.6 555.5 586.3 582.8 557.5 592.6 566.7
P0706 0.97 180.5 600.0 171.2 589.8 200.5 563.0 209.8 573.2
P0706 0.97 120.3 629.6 108.5 617.8 140.4 585.8 152.2 597.5
P0706 0.97 977.7 395.9 969.0 387.5 987.8 367.8 996.6 376.2
P0706 0.97 958.4 385.0 949.6 377.0 971.5 352.8 980.3 360.7
P0706 0.97 767.8 292.7 759.9 283.3 784.1 262.9 791.9 272.3
P0706 0.969 851.2 567.9 842.9 560.7 862.8 537.5 871.1 544.7
P0706 0.969 384.6 810.9 374.3 801.8 399.8 772.9 410.1 782.0
P0706 0.969 610.8 879.5 601.5 870.4 626.4 844.8 635.7 853.8
P0706 0.969 548.1 259.3 539.1 251.7 559.7 227.1 568.7 234.7
P0706 0.967 511.6 -0.6 520.7 -8.2 539.0 13.6 529.9 21.2
P0706 0.967 378.1 327.5 369.2 318.5 399.0 289.4 407.9 298.4
P0706 0.966 237.8 761.1 225.6 751.0 259.1 710.7 271.3 720.8
P0706 0.966 388.0 102.1 398.6 93.0 427.5 126.7 416.9 135.8
P0706 0.966 453.4 42.6 466.4 31.2 505.1 75.5 492.0 86.8
P0706 0.966 345.6 358.1 338.0 348.3 362.0 329.6 369.6 339.3
P0706 0.966 901.0 927.4 912.9 917.4 950.4 961.7 938.5 971.7
P0706 0.966 740.7 535.8 730.8 525.9 758.1 498.4 768.0 508.2
P0706 0.965 639.0 831.3 630.6 822.5 659.3 794.8 667.8 803.7
P0706 0.965 860.4 384.2 852.2 376.1 873.4 354.6 881.6 362.6
P0706 0.964 1031.6 802.1 1043.6 791.1 1080.1 830.9 1068.1 841.8
P0706 0.964 999.0 1117.5 1008.5 1101.9 1064.8 1136.0 1055.3 1151.6
P0706 0.964 290.4 797.4 278.1 786.5 306.1 755.1 318.4 765.9
P0706 0.963 626.2 577.3 615.3 568.3 638.6 540.3 649.4 549.3
P0706 0.963 929.4 904.3 942.5 893.9 980.4 941.9 967.2 952.3
P0706 0.963 719.9 434.8 711.7 427.0 733.7 404.1 741.9 411.9
P0706 0.962 323.2 171.5 335.0 160.4 368.3 195.6 356.5 206.8
P0706 0.962 990.2 515.9 982.5 508.6 1001.6 488.3 1009.3 495.6
P0706 0.962 652.8 603.2 643.3 593.8 670.4 566.6 679.9 576.0
P0706 0.962 438.5 468.1 428.7 459.0 455.4 430.0 465.2 439.1
P0706 0.962 571.5 285.6 563.5 277.2 585.0 256.7 593.0 265.1
P0706 0.961 659.0 849.6 650.6 840.7 674.5 817.9 682.9 826.7
P0706 0.96 -15.8 514.4 -3.0 503.5 27.2 538.8 14.4 549.7
P0706 0.96 537.2 331.3 526.9 323.1 549.2 295.1 559.5 303.3
P0706 0.96 817.3 535.8 808.2 528.5 827.8 504.0 836.9 511.4
P0706 0.959 497.0 444.9 488.1 434.9 514.1 411.9 523.0 421.9
P0706 0.959 726.7 245.9 718.9 238.1 739.8 216.9 747.7 224.7
P0706 0.959 693.4 647.1 683.3 637.5 714.0 605.5 724.1 615.1
P0706 0.958 538.9 566.7 529.0 558.6 550.7 532.1 560.6 540.2
P0706 0.958 1050.3 1046.9 1058.8 1031.7 1109.9 1060.2 1101.4 1075.4
P0706 0.958 588.9 534.2 579.1 525.3 603.2 498.7 613.0 507.6
P0706 0.957 250.6 512.3 241.6 503.0 268.5 477.0 277.5 486.3
P0706 0.957 330.5 593.1 319.4 583.6 343.8 555.2 354.9 564.8
P0706 0.957 458.6 407.3 449.1 398.7 473.1 372.2 482.6 380.8
P0706 0.956 409.9 355.9 400.4 346.4 429.6 317.2 439.1 326.7
P0706 0.956 94.3 843.8 83.7 831.8 118.5 801.2 129.1 813.2
P0706 0.955 138.3 884.5 128.1 872.7 161.6 843.5 171.9 855.3
P0706 0.955 218.2 482.7 209.7 472.8 238.3 448.3 246.9 458.3
P0706 0.955 298.8 190.2 310.1 180.8 341.2 217.9 329.9 227.3
P0706 0.955 364.3 127.4 377.2 115.6 419.1 161.5 406.2 173.2
P0706 0.954 529.1 556.2 518.9 547.1 543.9 519.1 554.1 528.1
P0706 0.954 643.3 667.5 634.7 658.2 658.1 636.6 666.7 645.9
P0706 0.954 616.9 135.2 609.6 126.4 633.3 106.5 640.6 115.3
P0706 0.954 441.8 869.3 431.6 860.9 455.8 831.5 466.0 839.9
P0706 0.953 604.7 615.7 595.1 607.9 612.6 586.5 622.2 594.3
P0706 0.953 510.7 939.3 500.8 930.4 525.2 903.3 535.1 912.2
P0706 0.952 970.0 850.3 983.3 835.9 1035.3 884.0 1022.0 898.4
P0706 0.952 559.7 503.8 550.0 495.4 573.4 468.1 583.2 476.5
P0706 0.951 655.3 176.1 647.4 167.6 670.5 146.2 678.4 154.7
P0706 0.951 720.7 674.0 711.5 665.3 735.4 640.2 744.6 648.9
P0706 0.951 757.7 712.7 748.4 702.5 780.0 673.6 789.3 683.8
P0706 0.95 1014.1 814.0 1025.8 801.5 1065.8 838.9 1054.1 851.4
P0706 0.95 185.2 931.6 174.1 920.6 205.7 888.6 216.9 899.7
P0706 0.95 106.6 375.9 118.6 362.6 155.6 396.1 143.5 409.4
P0706 0.949 265.7 444.7 255.3 434.3 289.2 400.5 299.5 410.9
P0706 0.949 466.4 31.7 478.4 19.7 511.4 52.6 499.4 64.6
P0706 0.949 790.8 382.3 781.4 374.5 795.9 356.9 805.4 364.8
P0706 0.948 615.2 325.5 606.3 316.7 629.7 292.8 638.7 301.6
P0706 0.947 456.2 250.4 447.6 240.2 477.9 214.5 486.5 224.6
P0706 0.947 614.9 798.0 605.8 790.1 629.2 763.0 638.3 770.9
P0706 0.947 790.3 317.6 781.9 308.8 805.6 286.3 814.0 295.1
P0706 0.946 796.6 939.1 787.0 929.4 813.0 903.7 822.6 913.4
P0706 0.945 885.6 538.9 893.0 530.1 915.8 549.5 908.4 558.2
P0706 0.944 1001.9 428.7 994.7 419.8 1019.7 399.5 1027.0 408.4
P0706 0.944 921.8 513.6 913.7 505.9 933.3 485.1 941.4 492.8
P0706 0.943 246.2 243.2 255.5 232.9 285.3 259.8 275.9 270.1
P0706 0.942 350.2 869.2 339.0 859.3 367.8 826.7 379.0 836.5
P0706 0.941 914.2 913.9 927.0 903.8 965.1 951.9 952.2 962.1
P0706 0.94 53.0 798.4 43.1 787.3 76.8 757.1 86.7 768.2
P0706 0.939 283.7 464.4 274.1 454.8 300.8 428.3 310.4 438.0
P0706 0.937 732.6 152.1 725.1 143.8 748.3 122.7 755.8 131.0
P0706 0.936 978.9 1137.9 988.6 1124.7 1040.9 1163.0 1031.2 1176.2
P0706 0.936 899.5 619.1 891.3 611.5 914.1 587.2 922.2 594.8
P0706 0.934 237.7 991.3 226.3 979.9 263.2 942.8 274.7 954.2
P0706 0.933 962.1 865.1 975.1 852.3 1014.4 892.2 1001.4 905.0
P0706 0.932 752.1 468.5 744.0 460.6 765.1 438.9 773.2 446.7
P0706 0.931 2.0 480.9 11.1 471.7 51.5 512.0 42.4 521.2
P0706 0.929 624.0 144.8 617.3 136.7 638.4 119.5 645.0 127.6
P0706 0.929 522.0 948.7 511.7 941.1 532.0 913.9 542.3 921.6
P0706 0.929 450.6 970.4 439.1 961.1 468.4 924.8 479.9 934.1
P0706 0.926 208.2 726.5 195.4 718.1 220.9 679.1 233.7 687.5
P0706 0.926 207.9 633.1 198.7 625.6 217.4 602.9 226.6 610.4
P0706 0.926 588.3 301.9 579.8 293.3 603.9 269.3 612.4 277.9
P0706 0.924 1083.6 1001.2 1092.6 988.0 1119.0 1005.9 1110.0 1019.1
P0706 0.923 881.8 1066.3 891.9 1063.9 896.6 1083.8 886.5 1086.2
P0706 0.921 597.8 312.0 589.3 304.2 610.4 281.0 618.9 288.8
P0706 0.921 402.4 345.6 393.2 336.6 421.7 307.5 430.9 316.5
P0706 0.921 110.0 856.1 98.7 844.7 134.2 809.5 145.5 820.9
P0706 0.918 511.9 227.2 503.7 218.5 529.2 194.5 537.4 203.2
P0706 0.918 790.3 741.4 782.0 733.7 808.1 705.5 816.5 713.2
P0706 0.912 435.3 964.0 424.3 955.8 443.9 929.4 454.9 937.6
P0706 0.911 185.2 299.0 196.3 288.6 230.6 325.1 219.5 335.5
P0706 0.91 168.8 593.2 160.6 584.7 184.8 561.1 193.1 569.5
P0706 0.909 775.3 300.7 767.4 291.5 793.8 269.0 801.7 278.3
P0706 0.907 -4.9 499.4 8.6 488.2 44.8 531.8 31.3 543.0
P0706 0.907 119.6 362.4 131.2 351.1 163.0 384.0 151.4 395.2
P0706 0.907 316.6 834.7 305.5 824.6 334.1 793.0 345.3 803.1
P0706 0.906 376.7 642.6 367.3 632.8 393.7 607.5 403.1 617.3
P0706 0.906 782.1 925.0 772.7 915.8 800.1 887.5 809.6 896.6
P0706 0.905 755.7 276.7 747.2 268.3 768.3 246.5 776.9 254.8
P0706 0.904 153.6 896.0 143.6 886.0 173.4 856.2 183.5 866.2
P0706 0.903 117.0 510.8 106.2 499.1 142.0 466.0 152.8 477.7
P0706 0.891 832.4 552.4 824.8 544.1 846.5 524.3 854.1 532.6
P0706 0.889 309.0 178.1 318.9 168.9 352.0 204.7 342.1 213.8
P0706 0.889 458.1 987.1 445.5 977.2 479.1 934.7 491.6 944.6
P0706 0.88 127.5 350.7 138.1 337.1 177.7 368.1 167.0 381.7
P0706 0.876 529.3 240.9 521.9 232.5 546.4 211.2 553.7 219.7
P0706 0.876 200.4 286.7 214.5 276.5 245.1 318.8 231.1 329.0
P0706 0.874 801.3 595.2 791.7 585.5 818.8 558.8 828.4 568.5
P0706 0.873 210.6 955.0 199.0 944.4 230.5 910.1 242.1 920.7
P0706 0.873 744.7 784.6 735.0 774.2 765.7 745.6 775.4 756.0
P0706 0.873 1000.5 1134.4 1009.1 1121.5 1050.8 1149.6 1042.1 1162.5
P0706 0.871 156.7 680.1 147.0 670.4 178.1 639.1 187.8 648.8
P0706 0.87 774.5 491.9 766.5 483.3 791.6 460.2 799.5 468.9
P0706 0.869 883.9 407.7 877.2 399.5 898.2 382.2 905.0 390.4
P0706 0.868 859.9 656.2 850.9 647.7 875.4 621.6 884.4 630.1
P0706 0.866 503.9 1024.0 493.2 1014.3 523.4 980.9 534.1 990.6
P0706 0.866 725.0 143.9 718.2 136.8 740.0 115.7 746.9 122.8
P0706 0.862 601.3 789.7 592.3 780.2 621.8 752.2 630.8 761.6
P0706 0.861 176.3 708.9 164.4 697.5 204.7 655.2 216.7 666.7
P0706 0.86 430.6 942.5 419.7 933.1 447.5 900.8 458.4 910.2
P0706 0.858 286.0 200.3 296.0 191.2 323.9 222.2 313.9 231.2
P0706 0.856 169.8 690.8 159.0 680.6 185.3 652.8 196.1 663.0
P0706 0.854 792.4 209.0 785.3 201.6 800.4 187.1 807.5 194.5
P0706 0.852 1044.0 1060.1 1053.3 1045.3 1104.4 1077.5 1095.1 1092.3
P0706 0.851 209.2 274.2 220.6 261.7 254.7 292.8 243.3 305.3
P0706 0.85 615.0 14.7 607.2 7.9 618.6 -5.0 626.3 1.8
P0706 0.848 1054.2 485.2 1045.3 476.7 1068.3 452.7 1077.2 461.1
P0706 0.844 752.1 998.4 763.7 987.0 789.2 1013.0 777.6 1024.4
P0706 0.84 985.3 838.3 997.1 824.3 1046.4 865.9 1034.6 879.9
P0706 0.837 346.0 143.2 357.0 133.9 386.7 169.2 375.7 178.4
P0706 0.834 413.6 80.6 427.3 67.9 458.2 101.3 444.5 114.0
P0706 0.828 544.9 343.2 534.0 334.7 558.1 303.7 569.0 312.2
P0706 0.822 966.6 1152.1 977.5 1137.2 1029.6 1175.3 1018.8 1190.1
P0706 0.82 622.2 19.8 614.6 13.0 626.5 -0.3 634.2 6.5
P0706 0.81 804.2 396.9 796.2 387.9 819.4 367.3 827.4 376.2
P0706 0.806 298.3 1086.7 290.9 1081.3 303.5 1064.1 310.9 1069.6
P0706 0.805 950.8 877.8 961.9 865.7 1002.5 902.7 991.5 914.9
P0706 0.804 38.9 446.8 49.7 435.2 85.0 468.2 74.2 479.7
P0706 0.8 268.6 216.0 278.6 208.0 302.4 237.5 292.4 245.5
P2709 0.996 2396.9 2056.9 2364.7 2040.1 2445.6 1885.9 2477.7 1902.8
P2709 0.992 2501.0 1820.8 2448.6 1796.2 2589.6 1496.7 2642.0 1521.3
P2709 0.986 2204.9 2397.2 2156.1 2370.3 2277.3 2149.6 2326.2 2176.5
P2709 0.982 2647.9 1474.9 2613.8 1460.0 2705.1 1250.1 2739.2 1264.9
P2709 0.976 2371.8 2035.3 2342.4 2020.3 2413.0 1882.4 2442.4 1897.5
