P0770 1.0 228.4 612.2 242.8 578.2 324.3 612.7 309.9 646.8
P0770 1.0 938.4 410.8 898.0 391.3 937.8 308.9 978.2 328.4
P0770 1.0 877.1 380.8 837.2 361.5 877.7 277.9 917.6 297.2
P0770 1.0 998.2 441.1 958.0 421.2 999.5 337.5 1039.7 357.4
P0770 1.0 754.8 319.3 716.3 300.8 756.3 217.5 794.9 236.0
P0770 1.0 692.4 290.5 653.0 270.2 696.1 186.4 735.6 206.7
P0770 1.0 312.9 574.1 324.7 541.9 364.2 556.3 352.3 588.6
P0770 1.0 815.5 350.4 776.2 330.8 817.7 247.6 857.1 267.3
P0770 0.999 494.8 247.5 458.0 230.4 496.3 148.3 533.1 165.5
P0770 0.991 1058.0 52.3 1081.7 10.2 1132.6 38.8 1109.0 80.8
P2598 1.0 775.2 1594.3 669.0 1586.7 684.0 1374.0 790.3 1381.5
P2598 1.0 630.2 1588.9 522.3 1584.2 531.8 1365.9 639.8 1370.7
P2598 1.0 578.6 1750.4 616.4 1673.1 706.0 1717.0 668.2 1794.2
P2598 1.0 535.5 1401.1 536.5 1368.4 632.4 1371.4 631.4 1404.1
P2598 1.0 688.5 1399.1 690.2 1373.5 785.7 1379.8 784.0 1405.4
P2598 1.0 356.4 1747.5 248.6 1742.8 258.0 1525.9 365.8 1530.5
